81003
81004
81005
81006
81007
81008
81009
81010
81011
81012
81013
81014
81015
81019
81022
81023
81025
81069
81641
81648
81132
81135
81144
81154
80428
80467
80469
80477
80479
80483
80487
80488
81639
81125
81131
81143
81149
81155
81248
81433
81325
81423
81426
81430
81435
80737
80744
80749
80424
80435
80443
80497
80498
80813
80814
80816
80860
80863
80866
80720
80740
80743
80757
80801
80812
80504
80514
80516
80520
80530
80534
80542
80543
80546
80550
80551
80610
80611
80612
80615
80620
80621
80622
80623
80624
80631
80632
80633
80634
80638
80639
80642
80643
80644
80645
80646
80648
80650
80651
80652
80729
80732
80742
80754
80727
80735
80755
80758
80759
80822
80824
6404
6430
6431
6432
6436
6440
6468
6470
6482
6484
6490
6491
6497
6601
6602
6604
6605
6606
6607
6608
6610
6611
6612
6614
6615
6650
6673
6699
6784
6801
6804
6807
6810
6811
6812
6813
6814
6816
6817
6820
6824
6825
6828
6829
6830
6831
6832
6836
6838
6840
6842
6850
6851
6852
6853
6854
6855
6856
6857
6858
6859
6860
6870
6875
6876
6877
6878
6879
6880
6881
6883
6888
6889
6890
6896
6897
6901
6902
6903
6904
6905
6906
6907
6910
6911
6912
6913
6914
6920
6921
6922
6925
6926
6927
6928
6001
6002
6006
6010
6011
6013
6016
6019
6020
6022
6023
6025
6026
6027
6028
6030
6032
6033
6034
6035
6037
6040
6041
6042
6045
6049
6050
6051
6052
6053
6059
6060
6062
6064
6067
6070
6073
6074
6078
6080
6081
6082
6083
6085
6087
6088
6089
6090
6091
6092
6093
6095
6096
6101
6102
6103
6104
6105
6106
6107
6108
6109
6110
6111
6112
6114
6115
6117
6118
6119
6120
6123
6126
6127
6128
6129
6131
6132
6133
6134
6137
6138
6140
6141
6142
6143
6144
6145
6146
6147
6150
6151
6152
6153
6154
6155
6156
6160
6161
6167
6176
6180
6183
6199
6444
6447
6467
6479
6489
6018
6021
6024
6031
6039
6057
6058
6061
6063
6065
6068
6069
6079
6094
6098
6750
6751
6752
6753
6754
6755
6756
6757
6758
6759
6763
6776
6777
6778
6779
6781
6782
6783
6785
6786
6787
6790
6791
6792
6793
6794
6795
6796
6798
6409
6412
6413
6414
6416
6417
6419
6422
6423
6424
6426
6438
6441
6442
6455
6456
6457
6459
6469
6475
6480
6481
6498
6401
6403
6405
6408
6410
6411
6418
6437
6443
6450
6451
6454
6460
6461
6466
6471
6472
6473
6477
6478
6483
6487
6488
6492
6493
6494
6495
6501
6502
6503
6504
6505
6506
6507
6508
6509
6510
6511
6512
6513
6514
6515
6516
6517
6518
6519
6520
6521
6524
6525
6530
6531
6532
6533
6534
6535
6536
6537
6538
6540
6701
6702
6703
6704
6705
6706
6708
6710
6712
6716
6720
6721
6722
6723
6724
6725
6726
6749
6762
6770
6249
6254
6320
6330
6333
6334
6335
6336
6337
6338
6339
6340
6349
6350
6351
6353
6355
6357
6359
6360
6365
6370
6371
6372
6375
6376
6378
6379
6380
6382
6383
6384
6385
6386
6388
6389
6415
6420
6439
6474
6029
6043
6066
6071
6072
6075
6076
6077
6084
6231
6232
6237
6238
6248
6250
6251
6265
6268
6269
6279
6226
6230
6233
6234
6235
6239
6241
6242
6243
6244
6245
6246
6247
6255
6256
6258
6259
6260
6262
6263
6264
6266
6267
6277
6278
6280
6281
6282
6331
6332
6354
6373
6374
6377
6387
20001
20002
20003
20004
20005
20006
20007
20008
20009
20010
20011
20012
20013
20015
20016
20017
20018
20019
20020
20022
20023
20024
20026
20027
20029
20030
20032
20033
20035
20036
20037
20038
20039
20040
20041
20042
20043
20044
20045
20046
20047
20048
20049
20050
20051
20052
20053
20055
20056
20057
20058
20059
20060
20061
20062
20063
20064
20065
20066
20067
20068
20069
20070
20071
20073
20074
20075
20076
20077
20078
20080
20081
20082
20084
20088
20090
20091
20097
20098
20099
20201
20202
20203
20204
20205
20206
20207
20208
20209
20210
20211
20212
20213
20214
20215
20216
20217
20218
20219
20220
20221
20222
20223
20224
20226
20227
20228
20229
20230
20231
20232
20233
20235
20237
20238
20239
20240
20241
20242
20244
20245
20250
20251
20254
20260
20261
20262
20265
20266
20268
20270
20277
20289
20292
20299
20301
20303
20306
20307
20310
20314
20315
20317
20318
20319
20330
20331
20332
20335
20336
20337
20338
20340
20350
20355
20370
20372
20373
20374
20375
20376
20380
20388
20389
20390
20391
20392
20393
20394
20395
20396
20397
20398
20401
20402
20403
20404
20405
20406
20407
20408
20409
20410
20411
20412
20413
20414
20415
20416
20418
20419
20420
20421
20422
20423
20424
20425
20426
20427
20428
20429
20430
20431
20433
20434
20435
20436
20437
20439
20440
20441
20442
20444
20447
20451
20453
20456
20460
20463
20468
20469
20470
20472
20500
20501
20502
20503
20504
20505
20506
20507
20508
20509
20510
20511
20515
20520
20521
20522
20523
20524
20525
20526
20527
20528
20529
20530
20531
20532
20533
20534
20535
20536
20537
20538
20539
20540
20541
20542
20543
20544
20546
20547
20548
20549
20550
20551
20552
20553
20554
20555
20557
20558
20559
20560
20565
20566
20570
20571
20572
20573
20575
20576
20577
20578
20579
20580
20581
20585
20586
20590
20591
20593
20594
20595
20597
20599
56901
56915
56920
56933
56944
56972
19901
19902
19903
19904
19905
19906
19934
19936
19938
19942
19943
19946
19952
19953
19954
19955
19961
19962
19964
19977
19979
19980
19701
19702
19703
19706
19707
19708
19709
19710
19711
19712
19713
19714
19715
19716
19717
19718
19720
19721
19725
19726
19730
19731
19732
19733
19734
19735
19736
19801
19802
19803
19804
19805
19806
19807
19808
19809
19810
19850
19880
19884
19885
19886
19887
19889
19890
19891
19892
19893
19894
19895
19896
19897
19898
19899
19930
19931
19933
19939
19940
19941
19944
19945
19947
19950
19951
19956
19958
19960
19963
19966
19967
19968
19969
19970
19971
19973
19975
32601
32602
32603
32604
32605
32606
32607
32608
32609
32610
32611
32612
32613
32614
32615
32616
32618
32627
32631
32633
32635
32640
32641
32643
32653
32654
32655
32658
32662
32667
32669
32694
34623
32040
32063
32072
32087
32401
32402
32403
32404
32405
32406
32407
32408
32409
32410
32411
32412
32413
32417
32438
32444
32461
32461
32466
32042
32044
32058
32091
32622
32754
32775
32780
32781
32782
32783
32796
32815
32899
32901
32902
32903
32904
32905
32906
32907
32908
32909
32910
32911
32912
32919
32920
32922
32923
32924
32925
32926
32927
32931
32932
32934
32935
32936
32937
32940
32941
32949
32950
32951
32952
32953
32954
32955
32956
32959
32976
33004
33008
33009
33019
33020
33021
33022
33023
33024
33025
33026
33027
33028
33028
33029
33060
33061
33062
33063
33064
33065
33066
33067
33068
33069
33071
33072
33073
33074
33075
33076
33077
33081
33082
33083
33084
33093
33097
33301
33302
33303
33304
33305
33306
33307
33308
33309
33310
33311
33312
33313
33314
33315
33316
33317
33318
33319
33320
33321
33322
33323
33324
33325
33326
33326
33327
33327
33328
33329
33330
33331
33332
33334
33335
33336
33337
33338
33339
33340
33345
33346
33348
33349
33351
33355
33359
33388
33394
33441
33442
33443
33973
32421
32424
32430
32449
33927
33927
33938
33946
33947
33948
33949
33950
33951
33952
33953
33954
33955
33980
33981
33982
33983
34423
34428
34429
34433
34434
34436
34442
34445
34446
34447
34448
34450
34451
34452
34453
34460
34461
34464
34465
34487
34609
32003
32006
32030
32043
32050
32065
32067
32068
32073
32079
32160
32656
33929
33939
33940
33941
33942
33961
33962
33964
33969
33999
34101
34102
34103
34104
34105
34106
34107
34108
34109
34110
34112
34113
34114
34116
34117
34119
34120
34137
34138
34139
34140
34141
34142
34143
34145
34146
32024
32025
32038
32055
32056
32061
33821
33842
33864
34265
34266
34267
34268
34269
32628
32648
32680
32692
32099
32201
32202
32203
32204
32205
32206
32207
32208
32209
32210
32211
32212
32214
32215
32216
32217
32218
32219
32220
32221
32222
32223
32224
32225
32226
32227
32228
32229
32230
32231
32232
32233
32234
32235
32236
32237
32238
32239
32240
32241
32244
32245
32246
32247
32250
32254
32255
32256
32257
32258
32266
32267
32277
32290
32294
32296
32297
32501
32502
32503
32504
32505
32506
32507
32508
32509
32511
32512
32513
32514
32516
32520
32521
32522
32523
32524
32526
32533
32534
32535
32559
32560
32568
32573
32574
32575
32576
32577
32581
32582
32589
32590
32591
32592
32593
32594
32595
32596
32597
32598
32110
32135
32136
32137
32142
32151
32164
32318
32320
32322
32323
32328
32329
32324
32330
32332
32333
32343
32351
32352
32352
32353
32619
32693
33471
33943
33944
33963
32453
32456
32457
32465
32052
32053
32096
33834
33865
33873
33890
33440
33930
33934
33935
33975
34601
34602
34603
34604
34605
34606
34607
34608
34609
34611
34613
34614
34636
34661
33825
33826
33852
33857
33862
33870
33871
33872
33875
33876
33960
33503
33508
33509
33510
33511
33527
33530
33534
33547
33548
33549
33550
33556
33558
33563
33564
33565
33566
33567
33568
33569
33570
33571
33572
33573
33575
33579
33583
33584
33586
33587
33592
33594
33595
33596
33598
33601
33602
33603
33604
33605
33606
33607
33608
33609
33610
33611
33612
33613
33614
33615
33616
33617
33618
33619
33620
33621
33622
33623
33624
33625
33626
33629
33630
33631
33633
33634
33635
33637
33646
33647
33650
33651
33655
33660
33661
33662
33663
33664
33672
33673
33674
33675
33677
33679
33680
33681
33682
33684
33685
33686
33687
33688
33689
33690
33694
33695
33697
32425
32452
32455
32464
32948
32957
32958
32960
32961
32962
32963
32964
32965
32966
32967
32968
32969
32970
32971
32978
32420
32423
32426
32431
32432
32440
32442
32443
32445
32446
32447
32448
32460
32336
32337
32344
32345
32361
32753
32013
32066
32102
32158
32159
32702
32726
32727
32735
32736
32756
32757
32767
32776
32778
32784
34705
34711
34712
34713
34715
34729
34731
34736
34737
34748
34749
34753
34755
34756
34762
34788
34789
34797
33900
33901
33902
33903
33904
33905
33906
33907
33908
33909
33910
33911
33912
33913
33914
33915
33916
33917
33918
33919
33920
33921
33922
33923
33924
33925
33926
33928
33931
33932
33933
33936
33945
33956
33957
33959
33965
33966
33970
33971
33972
33974
33976
33990
33991
33993
33994
34133
34134
34135
34136
32301
32302
32303
32304
32305
32306
32307
32308
32309
32309
32310
32311
32312
32313
32314
32315
32316
32317
32362
32395
32399
32621
32625
32626
32639
32644
32668
32683
32696
34449
34498
32321
32334
32335
32360
32059
32331
32340
32341
32350
34201
34202
34203
34204
34205
34206
34207
34208
34209
34210
34211
34212
34215
34216
34217
34218
34219
34220
34221
34222
34228
34243
34250
34251
34260
34264
34270
34280
34281
34282
32111
32113
32133
32134
32179
32182
32183
32192
32195
32617
32634
32663
32664
32681
32686
33491
34420
34421
34430
34431
34432
34470
34471
34472
34473
34474
34475
34476
34477
34478
34479
34480
34481
34482
34483
34488
34489
34491
34492
33455
33475
34956
34957
34958
34990
34991
34992
34994
34995
34996
34997
33002
33010
33011
33012
33013
33014
33015
33016
33017
33018
33030
33031
33032
33033
33034
33035
33039
33054
33055
33056
33090
33092
33101
33102
33107
33109
33110
33111
33114
33116
33119
33121
33122
33124
33125
33126
33127
33128
33129
33130
33131
33132
33133
33134
33135
33136
33137
33138
33139
33140
33141
33142
33143
33144
33145
33146
33147
33148
33149
33150
33151
33152
33153
33154
33155
33156
33157
33158
33159
33160
33161
33162
33163
33164
33165
33166
33167
33168
33169
33170
33172
33173
33174
33175
33176
33177
33178
33179
33180
33181
33182
33183
33184
33185
33186
33187
33188
33189
33190
33192
33193
33194
33195
33196
33197
33199
33222
33231
33233
33234
33238
33239
33242
33243
33245
33247
33255
33256
33257
33261
33265
33266
33269
33280
33283
33296
33299
33001
33036
33037
33040
33041
33042
33042
33043
33045
33050
33051
33052
33070
32009
32011
32034
32035
32041
32046
32097
32531
32536
32537
32539
32540
32541
32542
32544
32547
32548
32549
32564
32567
32569
32578
32579
32580
32588
34972
34973
34974
32703
32704
32709
32710
32712
32751
32768
32777
32789
32790
32792
32793
32794
32798
32801
32802
32803
32804
32805
32806
32807
32808
32809
32810
32811
32812
32813
32814
32816
32817
32818
32819
32820
32821
32822
32824
32825
32826
32827
32828
32829
32830
32831
32832
32833
32834
32835
32836
32837
32839
32853
32854
32855
32856
32857
32858
32859
32860
32861
32862
32867
32868
32869
32872
32877
32878
32885
32886
32887
32889
32890
32891
32893
32896
32897
32898
34734
34740
34760
34761
34777
34778
34786
34787
33848
34739
34741
34742
34743
34744
34745
34746
34747
34758
34769
34770
34771
34772
34773
33401
33402
33403
33404
33405
33406
33407
33408
33409
33410
33411
33412
33413
33414
33415
33416
33417
33418
33419
33420
33421
33422
33424
33425
33426
33427
33428
33429
33430
33431
33432
33433
33434
33435
33436
33437
33438
33439
33444
33445
33446
33447
33448
33449
33454
33458
33459
33460
33461
33462
33463
33464
33465
33466
33467
33468
33469
33470
33472
33473
33474
33476
33477
33478
33480
33481
33482
33483
33484
33486
33487
33488
33493
33496
33497
33498
33499
33523
33524
33525
33526
33537
33539
33540
33541
33542
33543
33544
33545
33559
33574
33576
33578
33593
34610
34610
34637
34638
34639
34652
34653
34654
34655
34656
34667
34668
34669
34673
34674
34679
34680
34690
34691
34692
33504
33701
33702
33703
33704
33705
33706
33707
33708
33709
33710
33711
33712
33713
33714
33715
33716
33728
33729
33730
33731
33732
33733
33734
33736
33737
33738
33739
33740
33741
33742
33743
33744
33747
33755
33756
33757
33758
33759
33760
33761
33762
33763
33764
33765
33766
33767
33769
33770
33771
33772
33773
33774
33775
33776
33777
33777
33778
33779
33780
33781
33782
33784
33785
33786
34615
34616
34617
34618
34619
34620
34621
34622
34624
34625
34629
34630
34634
34635
34640
34641
34642
34643
34644
34645
34646
34647
34648
34649
34660
34664
34665
34666
34677
34681
34682
34683
34684
34685
34688
34689
34695
34697
34698
33801
33802
33803
33804
33805
33806
33807
33809
33810
33811
33812
33813
33815
33820
33823
33827
33830
33831
33835
33836
33837
33838
33839
33840
33841
33843
33844
33845
33846
33847
33849
33850
33851
33853
33854
33855
33856
33858
33859
33860
33863
33867
33868
33877
33880
33881
33882
33883
33884
33885
33888
33896
33897
33898
33937
33967
34714
34759
32007
32112
32131
32138
32139
32140
32147
32148
32149
32157
32177
32178
32181
32185
32187
32189
32193
32666
33112
32004
32033
32080
32081
32082
32084
32085
32086
32092
32095
32145
32259
32260
34945
34946
34947
34948
34949
34950
34951
34952
34953
34954
34979
34981
34982
34983
34984
34985
34986
34987
34988
32530
32561
32562
32563
32563
32565
32566
32566
32570
32571
32572
32583
34223
34224
34229
34230
34231
34232
34233
34234
34235
34236
34237
34238
34239
34240
34241
34242
34272
34274
34275
34276
34277
34278
34284
34285
34286
34287
34288
34289
34290
34291
34292
34293
34295
32701
32707
32708
32714
32715
32716
32717
32718
32719
32730
32732
32733
32746
32747
32750
32752
32762
32765
32766
32771
32772
32773
32779
32791
32795
32799
32162
32163
33513
33514
33521
33538
33585
33597
34484
34785
32008
32060
32062
32064
32071
32094
32347
32348
32356
32357
32359
32026
32054
32083
32697
32105
32114
32115
32116
32117
32118
32119
32120
32121
32122
32123
32124
32125
32126
32127
32128
32129
32130
32132
32141
32168
32169
32170
32173
32174
32175
32176
32180
32190
32198
32706
32713
32720
32721
32722
32723
32724
32725
32728
32738
32739
32744
32745
32759
32763
32764
32774
32305
32326
32327
32346
32355
32358
32422
32433
32434
32435
32439
32454
32459
32538
32550
32427
32428
32437
32462
32463
96941
96942
96943
96944
31513
31515
31562
31563
31624
31642
31650
31510
31721
31770
39837
39841
39845
39862
39870
31034
31059
31061
31062
30511
30547
30558
30011
30620
30666
30680
30103
30120
30121
30123
30137
30145
30171
30178
30184
31750
39840
31622
31639
31645
31749
31052
31201
31202
31203
31204
31205
31206
31207
31208
31209
31210
31211
31212
31213
31216
31217
31220
31221
31294
31295
31296
31297
31298
31299
31014
31542
31543
31553
31566
31625
31629
31638
31643
31720
31308
31321
31324
30415
30450
30452
30458
30459
30460
30461
30426
30441
30456
30811
30816
30830
30216
30233
30234
30243
31713
31746
31762
31766
39842
39866
39886
31547
31548
31558
31565
31568
31569
30439
30451
30108
30109
30112
30116
30117
30118
30119
30150
30170
30179
30180
30185
30726
30736
30742
31537
31646
31302
31322
31328
31401
31402
31403
31404
31405
31406
31407
31408
31409
31410
31411
31412
31414
31415
31416
31418
31419
31420
31421
31422
31498
31499
31805
30730
30731
30747
30753
30107
30114
30115
30142
30146
30151
30155
30169
30183
30188
30189
30601
30602
30603
30604
30605
30606
30607
30608
30609
30610
30612
30613
30683
31724
31751
39823
39824
39836
39846
39851
39854
39867
30027
30050
30236
30237
30238
30239
30247
30250
30260
30273
30274
30287
30288
30294
30296
30297
30298
31623
31630
31631
31634
30001
30006
30007
30008
30020
30059
30060
30061
30062
30063
30064
30065
30066
30067
30068
30069
30073
30080
30081
30082
30090
30101
30102
30106
30111
30126
30127
30144
30152
30156
30160
30168
31512
31519
31533
31534
31535
31554
31567
31722
31744
31747
31753
31756
31768
31771
31776
31788
30802
30809
30813
30814
30917
39813
31620
31627
31637
31647
30220
30229
30254
30259
30262
30263
30264
30265
30271
30275
30276
30277
30289
31050
31066
31078
31010
31015
31712
30738
30752
30757
30534
31715
31717
31718
31725
31734
31752
39815
39818
39819
39852
30002
30021
30030
30031
30032
30033
30034
30035
30036
30037
30038
30058
30072
30074
30079
30083
30084
30085
30086
30087
30088
30319
30322
30329
30333
30340
30341
30345
30346
30350
30356
30359
30360
30362
30366
31119
31141
31145
31146
39901
31011
31012
31023
31073
31077
31007
31051
31063
31070
31091
31092
31701
31702
31703
31704
31705
31706
31707
31708
31782
30057
30122
30133
30134
30135
30154
