55708
55710
55711
55713
55717
55719
55723
55724
55725
55727
55731
55732
55734
55736
55738
55740
55741
55746
55747
55750
55751
55754
55758
55761
55763
55765
55766
55768
55771
55772
55773
55777
55778
55779
55781
55782
55789
55790
55791
55792
55796
55799
55801
55802
55803
55804
55805
55806
55807
55808
55810
55811
55812
55814
55815
55816
55020
55054
55352
55372
55378
55379
56011
55308
55309
55319
55330
55377
55398
55307
55334
55335
55338
55366
55396
56044
55353
56301
56302
56303
56304
56307
56310
56312
56316
56320
56321
56325
56331
56335
56340
56346
56352
56356
56362
56368
56369
56371
56372
56374
56375
56376
56377
56378
56387
56393
56395
56396
56397
56398
56399
55049
55060
55917
56026
56046
56067
56207
56221
56235
56244
56267
56208
56215
56226
56231
56233
56249
56252
56271
56318
56336
56347
56389
56437
56438
56440
56446
56453
56479
56219
56236
56296
56583
55041
55932
55938
55945
55956
55957
55964
55968
55978
55981
55991
56434
56464
56477
56478
56481
56482
56048
56072
56077
56091
56093
55001
55003
55016
55025
55038
55042
55043
55047
55055
55071
55073
55082
55083
55090
55115
55125
55128
55129
56022
56056
56060
56061
56062
56081
56120
56160
56520
56522
56543
56553
56565
56579
56594
55910
55925
55942
55952
55959
55969
55972
55979
55986
55987
55988
55301
55302
55313
55320
55321
55328
55341
55349
55358
55362
55363
55365
55373
55376
55380
55382
55390
55393
55565
55580
55581
55582
55584
55585
55586
55587
55588
55589
55590
55591
55592
56220
56223
56237
56241
56245
56247
56280
56286
56297
63501
63533
63540
63546
63559
64421
64427
64436
64449
64459
64480
64483
64485
64506
64446
64482
64491
64496
64498
63345
63352
63382
65232
65264
65265
65280
65285
64874
65623
65625
65641
65647
65658
65708
65734
65745
65747
65758
65772
64748
64759
64762
64766
64769
64720
64722
64723
64730
64742
64745
64752
64777
64779
64780
65325
65326
65335
65338
65355
63662
63733
63750
63751
63753
63760
63764
63765
63781
63782
63787
65010
65039
65201
65202
65203
65205
65211
65212
65215
65216
65217
65218
65240
65255
65256
65279
65284
65299
64401
64440
64443
64448
64484
64501
64502
64503
64504
64505
64507
64508
63901
63902
63932
63938
63940
63945
63954
63961
63962
64624
64625
64637
64644
64649
64650
64671
63388
65022
65043
65059
65063
65067
65077
65080
65231
65251
65262
65020
65049
65052
65056
65065
65079
65324
65567
65591
65786
65787
63701
63702
63703
63705
63739
63743
63744
63745
63747
63752
63755
63766
63769
63770
63779
63785
64621
64622
64623
64633
64639
64643
64668
64680
64682
64687
63937
63941
63943
63965
64012
64078
64080
64083
64090
64701
64725
64734
64739
64743
64746
64747
64744
64756
65607
65785
64660
64676
64681
65236
65246
65261
65281
65286
65610
65620
65629
65630
65631
65657
65669
65714
65720
65721
65753
65754
63430
63445
63453
63465
63466
63472
63474
64024
64048
64060
64068
64069
64072
64073
64087
64089
64116
64117
64118
64119
64144
64155
64156
64157
64158
64160
64161
64165
64166
64167
64429
64454
64465
64477
64492
64493
65023
65032
65040
65053
65074
65076
65101
65102
65103
65104
65105
65106
65107
65108
65109
65110
65111
65068
65233
65237
65276
65287
65322
65348
65441
65446
65449
65453
65456
65535
65565
65586
65603
65635
65646
65661
65682
65752
65590
65622
65685
65764
65767
65783
64620
64636
64640
64642
64647
64648
64654
64670
64689
64422
64430
64447
64469
64474
64490
64494
64497
65440
65501
65532
65540
65541
65560
65608
65638
65755
65768
63821
63829
63837
63847
63852
63855
63857
63863
63875
63876
63880
63933
63013
63014
63015
63037
63039
63055
63056
63060
63061
63068
63069
63072
63073
63077
63079
63080
63084
63089
63090
63091
65014
65036
65041
65061
65062
65066
64402
64438
64453
64463
64489
64657
65604
65612
65619
65648
65738
65757
65765
65770
65781
65801
65802
65803
65804
65805
65806
65807
65808
65809
65810
65814
65817
65890
65897
65898
65899
64641
64652
64679
64683
64424
64426
64442
64458
64467
64471
64481
64632
64665
64726
64735
64740
64770
64788
65323
65360
65634
65668
65724
65732
65735
65774
65779
64435
64437
64451
64452
64466
64470
64473
65230
65248
65250
65254
65274
65548
65626
65688
65775
65776
65777
65788
65789
65790
65793
63620
63621
63623
63636
63646
63650
63656
63663
63675
65439
65566
64013
64014
64015
64016
64029
64030
64034
64050
64051
64052
64053
64054
64055
64056
64057
64058
64063
64064
64065
64066
64070
64075
64081
64082
64086
64088
64101
64102
64105
64106
64108
64109
64110
64111
64112
64113
64114
64120
64121
64123
64124
64125
64126
64127
64128
64129
64130
64131
64132
64133
64134
64136
64137
64138
64139
64141
64142
64145
64146
64147
64148
64149
64170
64171
64172
64173
64179
64180
64183
64184
64185
64187
64188
64189
64191
64192
64193
64194
64196
64197
64198
64199
64944
64999
64755
64801
64802
64803
64804
64830
64832
64833
64834
64835
64836
64841
64848
64849
64855
64857
64859
64862
64869
64870
63010
63012
63016
63019
63020
63023
63028
63030
63041
63047
63048
63049
63050
63051
63052
63053
63057
63065
63066
63070
64019
64040
64061
64093
64733
64761
65305
65336
63446
63458
63460
63464
63531
63537
63547
65463
65470
65536
65543
65632
65722
64001
64011
64020
64021
64022
64037
64067
64071
64074
64076
64096
64097
65327
65605
65654
65664
65705
65707
65712
65723
65756
65769
63435
63438
63440
63447
63448
63452
63457
63470
63473
63343
63347
63349
63362
63369
63370
63377
63379
63381
63387
63389
63557
64628
64630
64631
64651
64653
64658
64659
64674
64677
64601
64635
64638
64656
64664
64686
64688
64831
64843
64847
64854
64856
64861
64863
64868
65730
63431
63530
63532
63534
63538
63539
63549
63552
63558
65247
63645
63655
65013
65443
65580
65582
63401
63454
63461
63463
63471
64661
64673
65017
65026
65031
65047
65064
65075
65082
65083
65486
63820
63823
63834
63845
63881
63882
65018
65025
65034
65042
65046
65050
65055
65081
63456
65258
65263
65275
65282
65283
63333
63350
63351
63359
63361
63363
63364
63384
65069
65011
65037
65038
65072
65078
65084
65329
65354
63828
63833
63838
63848
63860
63862
63866
63867
63868
63869
63870
63873
63874
63878
64840
64842
64844
64850
64853
64858
64864
64865
64866
64867
64873
64423
64428
64431
64432
64433
64434
64445
64455
64457
64461
64468
64475
64476
64478
64479
64487
65606
65690
65692
65778
65791
65001
65016
65024
65035
65048
65051
65054
65058
65085
65609
65618
65637
65655
65666
65676
65715
65729
65741
65760
65761
65762
65766
65773
65784
63826
63827
63830
63839
63840
63849
63851
63853
63871
63877
63879
63732
63737
63746
63748
63775
63776
63783
65301
65302
65332
65333
65334
65337
65345
65350
65401
65402
65409
65436
65461
65462
65529
65550
65559
63330
63334
63336
63339
63344
63353
63371
63433
63441
64018
64028
64079
64092
64098
64150
64151
64152
64153
64154
64163
64164
64168
64190
64195
64439
64444
65601
65613
65617
65640
65645
65649
65650
65659
65663
65674
65710
65725
65727
65452
65457
65459
65473
65534
65556
65572
65583
65584
63551
63565
63567
64655
64672
63436
63459
63462
63467
65239
65243
65244
65257
65259
65260
65270
65278
64017
64035
64036
64062
64077
64084
64085
63625
63629
63633
63638
63654
63665
63666
63931
63935
63939
63942
63953
63955
63301
63302
63303
63304
63332
63338
63341
63346
63348
63365
63366
63367
63368
63373
63376
63385
63386
64724
64738
64760
64763
64776
64781
64789
63627
63661
63670
63673
63036
63087
63601
63624
63626
63628
63637
63640
63651
63653
63001
63005
63006
63011
63017
63021
63022
63024
63025
63026
63031
63032
63033
63034
63038
63040
63042
63043
63044
63045
63074
63088
63099
63105
63114
63117
63119
63121
63122
63123
63124
63125
63126
63127
63128
63129
63130
63131
63132
63133
63134
63135
63136
63137
63138
63140
63141
63143
63144
63145
63146
63151
63167
63198
65320
65321
65330
65339
65340
65344
65347
65349
65351
63535
63536
63541
63548
63561
63432
63442
63543
63555
63563
63736
63740
63742
63758
63767
63771
63774
63780
63784
63786
63801
63824
65438
65466
65546
65573
65588
63434
63437
63439
63443
63450
63451
63468
63469
63730
63735
63738
63772
63822
63825
63841
63846
63850
63936
63960
65611
65624
65633
65656
65675
65681
65686
65728
65737
63544
63545
63556
63560
63566
64645
64646
64667
65614
65615
65616
65627
65653
65672
65673
65679
65680
65701
65726
65731
65733
65739
65740
65744
65759
65771
65433
65444
65464
65468
65479
65483
65484
65542
65552
65555
65557
65564
65570
65571
65589
65689
64728
64741
64750
64751
64765
64767
64771
64772
64778
64783
64784
64790
63342
63357
63378
63383
63390
63071
63622
63630
63631
63644
63648
63660
63664
63674
63632
63763
63934
63944
63947
63950
63951
63952
63956
63957
63963
63964
63966
63967
65636
65644
65652
65706
65713
65742
65746
64420
64441
64456
64486
64499
65660
65662
65667
65702
65704
65711
65717
63101
63102
63103
63104
63106
63107
63108
63109
63110
63111
63112
63113
63115
63116
63118
63120
63139
63147
63150
63153
63155
63156
63157
63158
63160
63163
63164
63166
63169
63171
63177
63178
63179
63180
63182
63188
63190
63195
63196
63197
63199
96951
96950
96952
39120
39121
39122
39165
39190
38834
38835
38846
38865
39633
39638
39645
39664
39067
39090
39107
39108
39160
38603
38633
38647
38720
38725
38726
38730
38732
38733
38740
38746
38755
38759
38762
38764
38769
38772
38773
38774
38781
38839
38878
38913
38914
38915
38916
38951
38955
39751
38912
38917
38923
38943
38947
38954
39176
38850
38851
38854
38860
38875
38877
39776
39735
39745
39757
39772
39049
39055
39086
39144
39150
39330
39347
39355
39360
39363
39741
39754
39755
39773
38614
38617
38630
38631
38639
38644
38645
38662
38669
38739
38758
38767
39059
39077
39078
39083
39191
39119
39428
39479
38632
38637
38641
38651
38654
38671
38672
38680
38686
39400
39401
39402
39403
39404
39406
39407
39425
39465
39630
39647
39653
39661
39452
39362
39451
39456
39461
38901
38902
38926
38929
38940
38960
39520
39521
39522
39525
39529
39556
39558
39572
39576
39500
39501
39502
39503
39505
39506
39507
39530
39531
39532
39533
39534
39535
39540
39560
39571
39574
39041
39056
39058
39060
39066
39072
39154
39170
39174
39175
39200
39201
39202
39203
39204
39205
39206
39207
39209
39210
39211
39212
39213
39215
39216
39217
39225
39232
39235
39236
39250
39269
39271
39272
39272
39282
39283
39284
39286
39289
39296
38924
39063
39079
39095
39146
39169
39172
39192
38754
39038
39097
39115
39166
38745
39113
39177
38843
38847
38855
38858
38876
39552
39553
39555
39562
39563
39564
39565
39566
39567
39568
39569
39581
39595
39338
39348
39356
39366
39422
39439
39460
39481
39069
39081
39096
39668
39421
39427
39474
39436
39437
39440
39441
39442
39443
39459
39477
39480
39328
39352
39354
39358
38601
38655
38673
38675
38677
38685
38874
38949
39455
39475
39482
39301
39302
39303
39304
39305
39307
39309
39320
39325
39326
39335
39342
39364
39140
39641
39654
39656
39663
39665
39051
39094
39109
39171
39189
38801
38802
38803
38804
38824
38826
38849
38857
38862
38866
38868
38879
38930
38935
38941
38944
38945
38946
38952
38959
39601
39602
39603
39629
39662
39701
39702
39703
39704
39705
39710
39736
39743
39753
39766
39045
39046
39071
39110
39130
39157
39158
39163
39429
39478
39483
39643
38611
38634
38635
38642
38649
38659
38661
38679
38821
38825
38844
38848
38870
39730
39740
39746
39756
38925
38967
39747
39767
39350
39365
39057
39323
39327
39332
39336
39337
39345
39341
39361
39738
39739
39759
39760
39762
39769
38606
38619
38620
38621
38657
38658
38665
38666
39426
39457
39463
39466
39470
39423
39462
39464
39476
38648
39632
39635
39648
39649
39652
39657
39666
38820
38841
38863
38864
38869
38871
38829
38856
38859
38880
38609
38622
38623
38628
38643
38646
38964
39042
39043
39047
39073
39145
39148
39151
39161
39167
39193
39208
39208
39218
39218
39232
39288
39288
39298
39074
39080
39087
39092
39098
39117
39152
39359
38721
38763
38765
39054
39061
39159
39044
39062
39082
39111
39112
39114
39149
39116
39153
39168
39561
39573
39577
38736
38737
38738
38749
38751
38753
38761
38768
38771
38775
38778
38920
38921
38927
38928
38950
38957
38958
38962
38963
38966
38602
38618
38638
38668
38610
38625
38629
38663
38674
38683
38827
38833
38838
38852
38873
38626
38664
38670
38676
38627
38650
38652
38828
39667
39156
39180
39181
39182
39183
38701
38702
38703
38704
38722
38723
38731
38744
38748
38756
38760
38776
38779
38780
38782
39322
39324
39367
39737
39744
39750
39752
39771
39631
39669
39339
39346
38922
38948
38953
38961
38965
39039
39040
39088
39162
39173
39179
39194
59724
59725
59732
59736
59739
59746
59761
59762
59016
59022
59025
59031
59034
59035
59050
59066
59075
59089
59523
59526
59527
59529
59535
59542
59547
59641
59643
59644
59647
59007
59008
59013
59014
59026
59029
59041
59051
59068
59070
59071
59080
59311
59316
59319
59324
59332
59401
59402
59403
59404
59405
59406
59412
59414
59421
59443
59463
59465
59472
59477
59480
59483
59485
59487
59420
59440
59442
59446
59450
59460
59520
59301
59336
59338
59351
59222
59253
59263
59276
59259
59315
59330
59339
59711
59756
59313
59344
59354
59032
59418
59424
59430
59441
59445
59451
59457
59464
59471
59489
59901
59902
59903
59904
59911
59912
59913
59916
59919
59920
59921
59922
59925
59926
59927
59928
59932
59936
59937
59714
59715
59716
59717
59718
59719
59730
59741
59752
59758
59760
59771
59772
59773
59852
59058
59077
59318
59322
59337
59411
59417
59427
59434
59473
59046
59074
59832
59837
59858
59501
59521
59525
59528
59530
59532
59540
59631
59632
59634
59638
59721
59759
59447
59452
59462
59469
59479
59821
59824
59855
59860
59863
59864
59865
59910
59914
59915
59929
59931
59410
59601
59602
59604
59620
59623
59624
59625
59626
59633
59635
59636
59639
59640
59648
59522
59531
59545
59917
59918
59923
59930
59933
59934
59935
59214
59215
59274
59710
59720
59729
59735
59740
59745
59747
59749
59751
59754
59755
59053
59642
59645
59820
59830
59842
59866
59867
59872
59801
59802
59803
59804
59806
59807
59808
59812
59823
59825
59826
59834
59836
59846
59847
59851
59868
59054
59059
59072
59073
59018
59020
59027
59030
59047
59065
59081
59082
59086
59017
59084
59087
59261
59524
59537
59538
59544
59546
59416
59425
59432
59448
59456
59486
59062
59314
59317
59343
59345
59348
59713
59722
59728
59731
59733
59843
59854
59326
59341
59349
59827
59828
59829
59833
59835
59840
59841
59870
59871
59875
59217
59221
59243
59262
59270
59201
59212
59213
59218
59226
59242
59245
59255
59003
59004
59012
59039
59043
59083
59312
59323
59327
59333
59347
59831
59844
59845
59848
59853
59856
59859
59873
59874
59211
59219
59247
59252
59254
59256
59257
59258
59275
59701
59702
59703
59707
59727
59743
59748
59750
59001
59019
59028
59057
59061
59063
59067
59069
59011
59033
59052
59055
59419
59422
59433
59436
59467
59468
59435
59444
59454
59461
59466
59474
59482
59484
59010
59038
59076
59223
59225
59230
59231
59240
59241
59244
59248
59250
59260
59273
59036
59078
59085
59453
59353
59002
59006
59015
59024
59037
59044
59064
59079
59088
59101
59102
59103
59104
59105
59106
59107
59108
59111
59112
59114
59115
59116
59117
27201
27202
27215
27216
27217
27220
27244
27253
27258
27302
27340
27349
27359
28636
28678
28681
28623
28627
28663
28668
28675
28007
28091
28102
28119
28133
28135
28170
28615
28617
28626
28629
28631
28640
28643
28644
28672
28684
28693
28694
28604
28614
28616
28622
28646
28652
28653
28657
28662
28664
27806
27808
27810
27814
27817
27821
27860
27865
27889
27805
27847
27849
27872
27924
27957
27967
27983
28320
28324
28332
28337
28392
28399
28433
28434
28448
28404
28420
28422
28451
28452
28459
28461
28462
28465
28467
28468
28469
28470
28470
28479
28648
28701
28704
28709
28711
28715
28728
28730
28748
28757
28759
28770
28776
28778
28787
28801
28802
28803
28804
28805
28806
28810
28813
28814
28815
28816
28612
28619
28628
28637
28641
28647
28655
28666
28671
28680
28690
28025
28026
28027
28075
28081
28082
28083
28107
28124
28611
28630
28633
28638
28645
28661
28667
27921
27974
27976
28511
28512
28516
28520
28524
28528
28531
28553
28557
28570
28575
28577
28579
28581
28582
28589
28594
27212
27291
27305
27311
27314
27315
27379
28601
28602
28603
28609
28610
28613
28650
28658
28673
28682
27207
27208
27213
27228
27252
27256
27312
27344
27559
28781
28901
28903
28905
28906
27932
27980
28902
28904
28909
28017
28020
28038
28042
28073
28086
28089
28090
28114
28136
28150
28151
28152
28169
28423
28424
28430
28431
28432
28436
28438
28439
28442
28450
28455
28456
28463
28472
28519
28523
28526
28527
28532
28533
28560
28561
28562
28563
28564
28586
28301
28302
28303
28304
28305
28306
28307
28308
28309
28310
28311
28312
28314
28331
28342
28344
28348
28356
28390
28391
28395
27916
27917
27923
27927
27929
27939
27941
27947
27950
27956
27958
27964
27965
27966
27973
27848
27915
27920
27936
27943
27948
27949
27953
27954
27959
27968
27972
27978
27981
27982
27239
27292
27293
27294
27295
27299
27351
27360
27361
27373
27374
27006
27014
27028
28325
28341
28349
28398
28453
28458
28464
28466
28508
28518
28521
27503
27572
27701
27702
27703
27704
27705
27706
27707
27708
27709
27710
27711
27712
27713
27715
27717
27722
27801
27802
27809
27819
27852
27864
27881
27886
27009
27010
27012
27023
27040
27045
27050
27051
27094
27098
27099
27101
27102
27103
27104
27105
27106
27107
27108
27109
27110
27111
27113
27114
27115
27116
27117
27120
27127
27130
27150
27151
27152
27155
27156
27157
27198
27199
27284
27285
27508
27525
27549
27596
28006
28012
28016
28021
28032
28034
28035
28051
28052
28053
28054
28055
28056
28077
28098
28101
28120
28164
27926
27935
27937
27938
27946
27969
27979
28733
28771
28780
27507
27509
27522
27527
27528
27564
27565
27574
27581
27582
27888
28538
28554
28580
27214
27233
27235
27249
27260
27261
27262
27263
27264
27265
27282
27283
27301
27310
27313
27342
27357
27358
27377
27395
27401
27402
27403
27404
27405
27406
27407
27408
27409
27410
27411
27412
27413
27415
27416
27417
27419
27420
27425
27427
27429
27435
27438
27455
27480
27495
