45711
45716
45717
45719
45723
45732
45735
45739
45740
45761
45764
45766
45776
45777
45778
45780
45781
45782
45806
45819
45865
45869
45870
45871
45884
45885
45888
45895
45896
43713
43718
43719
43759
43902
43905
43906
43909
43912
43916
43927
43928
43933
43934
43935
43937
43940
43942
43947
43950
43951
43960
43967
43972
43977
43983
43985
45101
45115
45118
45119
45121
45130
45131
45154
45167
45168
45171
45275
45003
45004
45011
45012
45013
45014
45015
45018
45020
45023
45025
45026
45042
45043
45044
45050
45053
45055
45056
45061
45062
45063
45064
45067
45069
45071
45073
45099
44607
44615
44620
44631
44639
44644
44651
44675
43009
43044
43047
43060
43070
43072
43078
43083
43084
45389
43010
45319
45323
45341
45344
45349
45368
45369
45372
45501
45502
45503
45504
45505
45506
45102
45103
45106
45112
45120
45122
45140
45145
45147
45150
45153
45156
45157
45158
45160
45176
45245
45107
45113
45114
45138
45146
45148
45159
45164
45166
45169
45177
43920
43945
43962
43968
44408
44413
44415
44423
44427
44431
44432
44441
44445
44455
44460
44490
44492
44493
44625
44634
44665
43803
43805
43811
43812
43824
43828
43836
43843
43844
43845
44820
44825
44827
44833
44854
44856
44860
44881
44887
44017
44022
44040
44070
44101
44102
44103
44104
44105
44106
44107
44108
44109
44110
44111
44112
44113
44114
44115
44116
44117
44118
44119
44120
44121
44122
44123
44124
44125
44126
44127
44128
44129
44130
44131
44132
44133
44134
44135
44136
44137
44138
44139
44140
44141
44142
44143
44144
44145
44146
44147
44177
44178
44179
44181
44184
44185
44186
44188
44189
44190
44191
44192
44193
44194
44195
44197
44198
44199
45303
45304
45328
45329
45331
45332
45346
45348
45350
45351
45352
45358
45362
45380
45388
45390
43512
43519
43520
43526
43530
43536
43549
43556
43003
43015
43021
43032
43035
43061
43065
43066
43074
43082
43438
44089
44814
44816
44824
44839
44846
44870
44871
43046
43102
43105
43107
43110
43112
43130
43136
43147
43148
43150
43154
43155
43157
43163
43106
43128
43142
43160
43002
43004
43016
43017
43026
43054
43068
43069
43081
43085
43086
43099
43109
43119
43123
43125
43126
43195
43196
43198
43199
43201
43202
43203
43204
43205
43206
43207
43209
43210
43211
43212
43213
43214
43215
43216
43217
43218
43219
43220
43221
43222
43223
43224
43226
43227
43228
43229
43230
43231
43232
43234
43235
43236
43240
43251
43260
43265
43266
43268
43270
43271
43272
43279
43284
43287
43291
43299
43502
43515
43521
43533
43540
43553
43558
43567
45614
45620
45623
45631
45643
45658
45674
45685
45686
44021
44023
44024
44026
44033
44046
44062
44064
44065
44072
44073
44080
44086
45301
45305
45307
45314
45316
45324
45335
45370
45384
45385
45387
45431
45433
45730
43722
43723
43725
43732
43733
43736
43749
43750
43755
43768
43772
43773
43778
43780
45001
45002
45030
45033
45041
45051
45052
45111
45174
45201
45202
45203
45204
45205
45206
45207
45208
45209
45210
45211
45212
45213
45214
45215
45216
45217
45218
45219
45220
45221
45222
45223
45224
45225
45226
45227
45228
45229
45230
45231
45232
45233
45234
45235
45236
45237
45238
45239
45240
45241
45242
45243
45244
45246
45247
45248
45249
45250
45251
45252
45253
45254
45255
45258
45262
45263
45264
45267
45268
45269
45270
45271
45273
45274
45277
45280
45296
45298
45299
45944
45950
45999
44804
45814
45816
45839
45840
45841
45858
45867
45868
45881
45889
45890
45897
43326
43340
43345
43346
45810
45812
45835
45836
45843
45859
43907
43973
43974
43976
43981
43984
43986
43988
43989
44693
44695
44699
43510
43516
43523
43524
43527
43532
43534
43535
43545
43548
43550
43555
45110
45123
45132
45133
45135
45142
45155
45165
45172
43111
43127
43135
43138
43144
43149
43152
43158
44610
44611
44617
44628
44633
44637
44638
44654
44660
44661
44687
44690
44811
44826
44837
44847
44850
44851
44855
44857
44888
44889
44890
45621
45640
45656
45692
43901
43903
43908
43910
43913
43917
43925
43926
43930
43932
43938
43939
43941
43943
43944
43948
43952
43953
43961
43963
43964
43966
43970
43971
43005
43006
43011
43014
43019
43022
43028
43037
43048
43050
44045
44057
44060
44061
44077
44081
44092
44094
44095
44096
44097
45619
45638
45645
45659
45669
45675
45678
45680
45688
45696
43001
43008
43013
43018
43023
43025
43027
43030
43031
43033
43055
43056
43057
43058
43062
43071
43073
43080
43093
43098
43721
43740
43310
43311
43318
43319
43324
43331
43333
43336
43343
43347
43348
43357
43358
43360
44001
44011
44012
44028
44035
44036
44039
44044
44049
44050
44052
44053
44054
44055
44074
44090
43434
43504
43528
43537
43542
43547
43560
43566
43571
43601
43602
43603
43604
43605
43606
43607
43608
43609
43610
43611
43612
43613
43614
43615
43616
43617
43618
43620
43623
43624
43635
43652
43653
43654
43655
43656
43657
43659
43660
43661
43666
43667
43681
43682
43697
43699
43064
43140
43143
43151
43153
43162
44401
44405
44406
44416
44422
44429
44436
44442
44443
44449
44451
44452
44454
44471
44501
44502
44503
44504
44505
44506
44507
44509
44510
44511
44512
44513
44514
44515
44555
44598
44599
44609
44619
44672
43301
43302
43305
43306
43307
43314
43322
43332
43335
43337
43341
43342
43356
44149
44212
44215
44233
44235
44251
44253
44254
44256
44258
44273
44274
44275
44280
44281
44282
45720
45741
45743
45760
45769
45770
45771
45772
45775
45779
45783
45310
45822
45826
45828
45846
45860
45862
45866
45882
45883
45308
45312
45317
45318
45326
45337
45339
45356
45359
45361
45371
45373
45374
45383
43716
43747
43752
43754
43757
43786
43789
43793
43914
43915
43931
43946
45734
45309
45315
45322
45325
45327
45342
45343
45345
45354
45377
45401
45402
45403
45404
45405
45406
45407
45408
45409
45410
45412
45413
45414
45415
45416
45417
45418
45419
45420
45422
45423
45424
45426
45427
45428
45429
45430
45432
45434
45435
45437
45439
45440
45441
45444
45448
45449
45454
45458
45459
45463
45469
45470
45475
45479
45481
45482
45490
43728
43756
43758
43787
43315
43317
43320
43321
43325
43334
43338
43349
43350
43701
43702
43720
43727
43734
43735
43738
43746
43762
43767
43771
43777
43791
43802
43821
43822
43830
43842
43711
43717
43724
43770
43779
43788
45727
43408
43412
43416
43430
43432
43433
43436
43439
43440
43445
43446
43449
43452
43456
43458
43468
45813
45821
45849
45851
45855
45861
45873
45879
45880
43076
43730
43731
43739
43748
43760
43761
43764
43766
43782
43783
43103
43113
43116
43117
43137
43145
43146
43156
43164
45613
45624
45642
45646
45661
45683
45687
45690
44201
44202
44211
44231
44234
44240
44241
44242
44243
44255
44265
44266
44272
44285
44288
44411
44412
45070
45311
45320
45321
45330
45338
45347
45378
45381
45382
45815
45827
45830
45831
45837
45844
45848
45853
45856
45864
45875
45876
45877
45893
44813
44822
44843
44862
44865
44875
44878
44901
44902
44903
44904
44905
44906
44907
44999
43101
43115
45601
45612
45617
45628
45633
45644
45647
45673
45681
43407
43410
43420
43431
43435
43442
43464
43469
45629
45630
45636
45648
45652
45653
45657
45662
45663
45671
45677
45682
45684
45694
45699
44801
44802
44803
44807
44809
44815
44818
44828
44830
44836
44841
44845
44853
44861
44867
44883
45302
45306
45333
45334
45336
45340
45353
45360
45363
45365
45367
45845
44601
44608
44613
44614
44626
44630
44632
44640
44641
44643
44646
44647
44648
44650
44652
44657
44662
44666
44669
44670
44688
44689
44701
44702
44703
44704
44705
44706
44707
44708
44709
44710
44711
44712
44714
44718
44720
44721
44730
44735
44750
44760
44767
44798
44799
44056
44067
44087
44203
44210
44216
44221
44222
44223
44224
44232
44236
44237
44238
44250
44260
44262
44264
44278
44286
44301
44302
44303
44304
44305
44306
44307
44308
44309
44310
44311
44312
44313
44314
44315
44316
44317
44319
44320
44321
44322
44325
44326
44328
44329
44331
44333
44334
44372
44393
44396
44397
44398
44399
44685
44402
44403
44404
44410
44417
44418
44420
44424
44425
44428
44430
44437
44438
44439
44440
44444
44446
44450
44453
44470
44473
44481
44482
44483
44484
44485
44486
44487
44488
44491
43804
43832
43837
43840
44612
44621
44622
44624
44629
44653
44656
44663
44671
44678
44679
44680
44681
44682
44683
44697
43007
43029
43036
43040
43041
43045
43067
43077
43344
44334
45832
45838
45863
45874
45886
45891
45894
45898
45899
45622
45634
45651
45654
45670
45672
45695
45698
45005
45032
45034
45036
45039
45040
45054
45065
45066
45068
45152
45162
45712
45713
45714
45715
45721
45724
45729
45742
45744
45745
45746
45750
45767
45768
45773
45784
45786
45787
45788
45789
44214
44217
44230
44270
44276
44287
44606
44618
44627
44636
44645
44659
44667
44676
44677
44691
43501
43505
43506
43517
43518
43531
43543
43554
43557
43570
43402
43403
43406
43413
43414
43437
43441
43443
43447
43450
43451
43457
43460
43462
43463
43465
43466
43467
43511
43522
43525
43529
43541
43551
43552
43565
43569
43619
44817
45872
43316
43323
43330
43351
43359
44844
44849
44882
74457
74931
74960
74964
74965
73716
73719
73722
73723
73726
73728
73739
73741
73749
74525
74533
74540
74542
74555
74569
73844
73847
73849
73931
73932
73938
73950
73627
73644
73645
73648
73656
73662
73668
73040
73043
73724
73744
73755
73763
73770
73772
73449
74701
74702
74720
74721
74723
74726
74729
74730
74731
74733
74741
74747
74748
74753
73001
73005
73006
73009
73015
73017
73029
73033
73038
73042
73047
73048
73053
73094
73014
73022
73036
73064
73078
73085
73090
73099
73081
73087
73088
73401
73402
73403
73435
73436
73437
73438
73443
73458
73463
73481
73487
73488
74427
74441
74444
74451
74452
74464
74465
74471
74727
74735
74738
74743
74756
74759
74760
74761
73933
73937
73946
73947
73019
73026
73037
73051
73068
73069
73070
73071
73072
73139
73160
73165
73170
73173
74534
74535
74538
74556
74572
73501
73502
73503
73505
73506
73507
73527
73528
73538
73540
73541
73543
73552
73557
73558
73567
73531
73562
73568
73572
74301
74332
74333
74369
74010
74028
74030
74039
74041
74044
74046
74047
74052
74066
74067
74068
74071
74131
73096
73601
73620
73625
73639
73669
74338
74342
74344
74345
74346
74347
74359
74368
73646
73654
73658
73659
73663
73667
73835
73859
73832
73840
73843
73858
73701
73702
73703
73705
73706
73720
73727
73730
73733
73735
73736
73738
73743
73753
73754
73773
74640
73035
73046
73052
73057
73074
73075
73076
73098
73433
73444
73476
74872
73002
73004
73011
73018
73023
73059
73067
73079
73082
73089
73092
73758
73759
73761
73766
73771
74636
74643
73547
73554
73673
73544
73550
73571
73834
73848
73851
73855
74440
74462
74472
74552
74941
74943
74944
74531
74570
74827
74839
74848
74850
74883
73521
73522
73523
73526
73532
73537
73539
73549
73556
73560
73456
73520
73548
73561
73565
73569
73573
73432
73447
73450
73455
73460
73461
74530
74836
74856
74601
74602
74603
74604
74631
74632
74641
74646
74647
74653
73016
73734
73742
73750
73756
73762
73764
73041
73062
73559
73564
73566
73651
73655
74545
74559
74563
74578
74549
74571
74577
74901
74902
74930
74932
74935
74937
74939
74940
74942
74947
74949
74951
74953
74956
74959
74966
74026
74079
74824
74832
74834
74835
74855
74864
74869
74875
74881
73027
73028
73044
73050
73056
73058
73063
73073
73430
73441
73448
73453
73459
73010
73031
73065
73080
73093
73095
74831
74722
74724
74728
74734
74736
74737
74740
74745
74750
74752
74754
74755
74764
74766
74957
74963
74426
74432
74438
74459
74461
74845
73718
73729
73737
73747
73760
73768
73838
73439
73440
73446
74330
74337
74340
74349
74350
74352
74353
74361
74362
74364
74365
74366
74367
73030
73032
73086
74401
74402
74403
74422
74423
74428
74434
74436
74439
74450
74455
74463
74468
74469
74470
73061
73077
73757
74630
74644
74651
74027
74042
74048
74072
74083
74829
74833
74859
74860
74862
74880
74882
73003
73007
73008
73012
73013
73020
73025
73034
73039
73045
73049
73054
73066
73083
73084
73097
73100
73101
73102
73103
73104
73105
73106
73107
73108
73109
73110
73111
73112
73113
73114
73115
73116
73117
73118
73119
73120
73121
73122
73123
73124
73125
73126
73127
73128
73129
73130
73131
73132
73134
73135
73136
73137
73140
73141
73142
73143
73144
73145
73146
73147
73148
73149
73150
73151
73152
73153
73154
73155
73156
73157
73159
73162
73163
73164
73167
73169
73172
73177
73178
73179
73180
73184
73185
73189
73190
73193
73194
73195
73196
73197
73198
73199
74857
74421
74431
74437
74445
74447
74456
74460
74001
74002
74009
74035
74054
74056
74060
74070
74084
74127
74633
74637
74652
74331
74335
74339
74343
74354
74355
74358
74360
74363
74370
74020
74034
74038
74045
74058
74081
74650
74023
74032
74059
74062
74074
74075
74076
74077
74078
74085
74425
74430
74442
74501
74502
74522
74526
74528
74529
74546
74547
74548
74553
74554
74560
74561
74565
74576
74820
74821
74825
74842
74843
74844
74865
74871
74801
74802
74804
74826
74840
74851
74852
74854
74866
74873
74878
74521
74523
74536
74543
74557
74558
74562
74567
74574
73628
73638
73642
73650
73660
73666
74015
74016
74017
74018
74031
74036
74053
74080
74818
74830
74837
74849
74867
74868
74884
74435
74936
74945
74946
74948
74954
74955
74962
73055
73055
73091
73425
73434
73442
73491
73529
73533
73534
73536
73575
73901
73939
73942
73944
73945
73949
73951
73530
73542
73546
73551
73553
73555
73570
74008
74011
74012
74013
74021
74033
74037
74043
74050
74055
74063
74073
74101
74102
74103
74104
74105
74106
74107
74108
74110
74112
74114
74115
74116
74117
74119
74120
74121
74126
74128
74129
74130
74132
74133
74134
74135
74136
74137
74141
74145
74146
74147
74148
74149
74150
74152
74153
74155
74156
74157
74158
74159
74169
74170
74171
74172
74182
74183
74184
74186
74187
74189
74192
74193
74194
74014
74019
74429
74446
74454
74458
74466
74467
74477
74003
74004
74005
74006
74022
74029
74051
74061
74082
73021
73024
73622
73624
73626
73632
73641
73647
73661
73664
73717
73725
73731
73746
73842
73860
73801
73802
73841
73852
73853
73857
97814
97819
97833
97834
97837
97840
97870
97877
97884
97905
97907
97324
97326
97330
97331
97333
97339
97370
97456
97004
97009
97011
97013
97015
97017
97022
97023
97027
97028
97034
97035
97036
97038
97042
97045
97049
97055
97067
97068
97070
97222
97267
97268
97269
97102
97103
97110
97121
97138
97145
97146
97016
97018
97048
97051
97053
97054
97056
97064
97407
97411
97414
97420
97423
97449
97458
97459
97460
97466
97468
97751
97752
97753
97754
97406
97415
97444
97450
97464
97465
97476
97491
97701
97702
97707
97708
97709
97712
97739
97756
97759
97760
97410
97416
97417
97428
97429
97432
97435
97436
97441
97442
97443
97447
97457
97462
97467
97469
97470
97471
97473
97479
97481
97484
97486
97494
97495
97496
97499
97812
97823
97861
97817
97820
97825
97831
97845
97848
97856
97864
97865
97869
97872
97873
97710
97720
97721
97722
97732
97736
97738
97740
97758
97904
97014
97031
97041
97044
97501
97502
97503
97504
97520
97522
97524
97525
97530
97535
97536
97537
97539
97540
97541
97711
97730
97734
97741
97761
97497
97523
97526
97527
97528
97531
97532
97533
97534
97538
97543
97544
97425
97601
97602
97603
97604
97621
97622
97623
97624
97625
97626
97627
97632
97633
97634
97639
97731
97733
97737
97620
97630
97635
97636
97637
97638
97640
97641
97735
97401
97402
97403
97404
97405
97408
97409
97412
97413
97419
97424
97426
97427
97430
97431
97434
97437
97438
97439
97440
97448
97451
97452
97453
97454
97455
97461
97463
97472
97475
97477
97478
97480
97482
97487
97488
97489
97490
97492
97493
97341
97343
97357
97364
97365
97366
97367
97368
97369
97372
97376
97380
97388
97390
97391
97394
97498
97321
97322
97327
97329
97335
97336
97345
97348
97355
97358
97360
97374
97377
97386
97389
97446
97901
97902
97903
97906
97908
97909
97910
97911
97913
97914
97917
97918
97920
97002
97020
97026
97032
97071
97137
97301
97302
97303
97305
97306
97307
97308
97309
97310
97311
97312
97313
97314
97317
97325
97342
97346
97350
97352
97359
97362
97373
97375
97381
97383
97384
97385
97392
97818
97836
97839
97843
97844
97010
97019
97024
97030
97060
97080
97086
97089
97201
97202
97203
97204
97205
97206
97207
97208
97209
97210
97211
97212
97213
97214
97215
97216
97217
97218
97219
97220
97221
97227
97228
97230
97231
97232
97233
97236
97238
97239
97240
97242
97251
97253
97254
97255
97256
97258
97259
97266
97271
97272
97280
97282
97283
97286
97290
97292
97293
97294
97296
97299
97304
97338
97344
97347
97351
97361
97371
97029
97033
97039
97050
97065
97107
97108
97112
97118
97122
97130
97131
97134
97135
97136
97141
97143
97147
97149
97801
97810
97813
97821
97826
97835
97838
97859
97862
97868
97875
97880
97882
97886
97824
97827
97841
97850
97867
97876
97883
97828
97842
97846
97857
97885
97001
97021
97037
97040
97057
97058
97063
97005
97006
97007
97008
97062
97075
97076
97077
97078
97106
97109
97113
97116
97117
97119
97123
97124
97125
97133
97140
97144
97223
97224
97225
97229
97281
97291
97298
97750
97830
97874
97101
97111
97114
97115
97127
97128
97132
97148
97378
97396
17301
17303
17304
17306
17307
17310
17316
17320
17324
17325
17326
17337
17340
17343
17344
17350
17353
17372
17375
15006
15007
15014
15015
15017
15018
15020
15024
15025
15026
15028
15030
15031
15032
15034
15035
15037
15044
15045
15046
15047
15049
15051
15056
15064
15065
15071
15075
15076
15082
15084
15086
15088
15090
15091
15095
15096
15101
15102
15104
15106
15108
15110
15112
15116
15120
15122
15123
15126
15127
15129
15129
15130
15131
15132
15133
15134
15135
15136
15137
15139
15140
15142
15143
15144
15145
15146
15147
15148
15189
15201
15202
15203
15204
15205
15206
15207
15208
15209
15210
15211
15212
15213
15214
15215
15216
15217
15218
15219
15220
15221
15222
15223
15224
15225
15226
15227
15228
15229
15230
15231
15232
15233
15234
15235
15236
15237
15238
15239
15240
15241
15242
15243
15244
15250
15251
15252
15253
15254
15255
15257
15258
15259
15260
15261
15262
15263
15264
15265
15266
15267
15268
15270
15272
15274
15275
15276
15277
15278
15279
15281
15282
15283
15285
15286
15289
15290
15295
15630
15656
15673
15682
15686
15736
15774
16049
16201
16210
