57045
57052
57331
57354
57366
57376
57345
57346
57540
57521
57543
57547
57577
57750
57312
57358
57382
57531
57559
57562
57051
57212
57214
57231
57233
57244
57249
57316
57353
57016
57042
57050
57054
57057
57075
57076
57732
57754
57759
57779
57783
57793
57799
57013
57027
57032
57034
57039
57064
57077
57365
57542
57544
57548
57568
57569
57576
57012
57048
57058
57319
57374
57437
57456
57457
57232
57247
57270
57421
57430
57454
57626
57706
57708
57718
57736
57737
57741
57748
57757
57758
57765
57769
57777
57785
57787
57792
57560
57579
57585
57321
57323
57337
57349
57003
57005
57018
57020
57022
57030
57033
57035
57041
57055
57056
57060
57068
57101
57102
57103
57104
57105
57106
57107
57108
57109
57110
57115
57116
57117
57118
57186
57188
57189
57190
57191
57192
57193
57194
57195
57196
57197
57198
57017
57024
57028
57065
57074
57701
57702
57703
57709
57719
57725
57729
57745
57751
57761
57767
57775
57778
57780
57790
57791
57795
57620
57638
57640
57644
57649
57653
57442
57450
57455
57475
57224
57227
57255
57256
57257
57260
57262
57266
57279
57314
57359
57385
57716
57752
57756
57764
57770
57772
57794
57424
57429
57434
57436
57440
57460
57461
57465
57469
57476
57477
57532
57537
57557
57520
57564
57555
57563
57566
57570
57572
57526
57527
57528
57534
57541
57545
57578
57580
57584
57014
57015
57021
57036
57043
57047
57053
57070
57001
57004
57025
57038
57049
57420
57452
57472
57601
57631
57031
57040
57046
57067
57072
57078
57079
57622
57623
57629
37705
37710
37716
37717
37769
37828
37830
37831
37020
37160
37161
37162
37180
37183
37360
38221
38320
38333
38341
37367
37358
37701
37737
37777
37801
37802
37803
37804
37853
37878
37882
37886
37310
37311
37312
37320
37323
37353
37364
37714
37729
37757
37762
37766
37819
37847
37016
37026
37149
37190
38201
38220
38235
38258
38317
38318
38321
38324
38342
38344
38348
38387
38390
37643
37644
37658
37682
37687
37694
37015
37035
37082
37143
37146
38332
38340
38347
38352
37707
37715
37724
37730
37752
37773
37824
37825
37851
37867
37870
37879
38551
38575
37713
37722
37727
37753
37821
37822
37843
37018
37342
37349
37355
37382
37388
37389
38001
38006
38021
38034
38050
38336
38337
37723
37842
38555
38557
38558
38571
38572
38578
37011
37013
37070
37072
37076
37080
37115
37116
37138
37189
37201
37202
37203
37204
37205
37206
37207
37208
37209
37210
37211
37212
37213
37214
37215
37216
37217
37218
37219
37220
37221
37222
37224
37227
37228
37229
37230
37232
37234
37235
37236
37237
37238
37239
37240
37241
37242
37243
37244
37245
37246
37247
37248
37249
37250
38311
38329
38363
38374
38380
37012
37059
37095
37166
37029
37036
37051
37055
37056
37165
37181
37187
38007
38024
38025
38030
38033
38047
38056
38059
38070
38259
38010
38036
38043
38045
38046
38048
38057
38060
38066
38068
38076
38504
38553
38556
38565
38577
38589
37306
37318
37324
37330
37345
37372
37375
37376
37383
37398
38233
38316
38330
38331
38338
38343
38346
38355
38358
38369
38382
38389
38449
38455
38459
38460
38472
38473
38477
38478
37708
37709
37848
37861
37881
37888
37616
37641
37743
37744
37745
37809
37810
37818
37301
37305
37313
37339
37356
37365
37366
37387
37778
37813
37814
37815
37816
37860
37877
37891
37302
37304
37308
37315
37341
37343
37350
37351
37363
37373
37377
37379
37384
37401
37402
37403
37404
37405
37406
37407
37408
37409
37410
37411
37412
37414
37415
37416
37419
37421
37422
37424
37450
37499
37765
37869
38008
38039
38042
38044
38052
38061
38067
38074
38075
38377
38381
38326
38327
38361
38365
38370
38372
38376
38475
37642
37645
37711
37731
37811
37857
37873
38012
38069
38328
38345
38351
38368
38371
38388
38222
38223
38224
38231
38236
38242
38251
38256
37025
37033
37098
37137
37140
37147
38454
38476
37061
37175
37178
37054
37078
37101
37134
37185
38562
38564
38588
37725
37760
37820
37871
37890
37640
37680
37683
37688
37691
37721
37754
37806
37849
37901
37902
37909
37912
37914
37915
37916
37917
37918
37919
37920
37921
37922
37923
37924
37927
37928
37929
37930
37931
37932
37933
37934
37938
37939
37940
37950
37955
37990
37995
37996
37997
37998
37999
38077
38079
38080
38037
38040
38041
38063
38456
38457
38463
38464
38468
38469
38481
38483
38486
38462
37144
37328
37334
37335
37348
37359
38453
38488
37742
37771
37772
37774
37846
37303
37309
37329
37331
37370
37371
37826
38310
38315
38334
38339
38357
38359
38367
38375
38379
38393
37083
37150
38301
38302
38303
38305
38308
38313
38314
38356
38362
38366
38378
38391
38392
37340
37347
37374
37380
37396
37397
37019
37034
37047
37091
37174
38401
38402
38451
38461
38474
38482
38487
37322
37336
37880
37314
37354
37385
37874
37885
37040
37041
37042
37043
37044
37052
37142
37155
37171
37191
37352
37719
37726
37733
37770
37829
37840
37845
37872
37887
38227
38232
38240
38253
38254
38257
38260
38261
38271
38281
38541
38542
38543
38554
38568
38570
38573
38580
37096
37097
38549
37307
37316
37317
37325
37326
37333
37346
37361
37362
37369
37391
38501
38502
38503
38505
38506
38544
38545
38548
38574
38582
37321
37332
37337
37338
37381
37395
37748
37763
37854
37010
37032
37049
37073
37141
37152
37172
37188
37037
37060
37063
37085
37086
37089
37118
37127
37128
37129
37130
37131
37132
37133
37153
37167
37732
37755
37756
37841
37852
37892
37893
37327
37738
37764
37862
37863
37864
37865
37868
37876
37883
37501
37544
38002
38014
38016
38017
38018
38027
38028
38029
38053
38054
38055
38083
38088
38101
38103
38104
38105
38106
38107
38108
38109
38110
38111
38112
38113
38114
38115
38116
38117
38118
38119
38120
38122
38124
38125
38126
38127
38128
38129
38130
38131
38132
38133
38134
38135
38136
38137
38138
38139
38140
38141
38142
38143
38145
38146
38147
38148
38150
38151
38152
38157
38159
38161
38163
38165
38166
38167
38168
38173
38174
38175
38177
38181
38182
38183
38184
38186
38187
38188
38190
38193
38194
38195
38197
37030
37057
37145
37151
38547
38552
38560
38563
38567
38569
37023
37028
37050
37058
37079
37617
37618
37620
37621
37625
37660
37662
37663
37664
37665
37669
37686
37699
37022
37031
37048
37066
37075
37077
37119
37148
37186
38004
38011
38015
38019
38023
38049
38058
38071
37074
37650
37657
37692
37779
37807
37866
38585
37110
37111
37357
37378
37394
38550
38581
37601
37602
37603
37604
37605
37614
37615
37656
37659
37681
37684
37690
38425
38450
38452
38471
38485
38225
38226
38229
38230
38237
38238
38241
38255
38559
38579
38583
38587
37014
37024
37027
37046
37062
37064
37065
37067
37068
37069
37135
37179
37071
37087
37088
37090
37121
37122
37136
37184
75763
75779
75801
75802
75803
75832
75839
75853
75861
75880
75882
75884
75886
79714
75901
75902
75903
75904
75915
75941
75949
75969
75980
78358
78381
78382
76351
76366
76370
76379
76389
79019
79094
78008
78011
78012
78026
78050
78052
78053
78062
78064
78065
77418
77452
77473
77474
77485
78931
78933
78944
78950
79320
79324
79344
79347
78003
78055
78063
78883
78885
78602
78612
78621
78650
78659
78662
78953
78957
76380
78102
78104
78125
78142
78145
78146
78162
78389
78391
76501
76502
76503
76504
76505
76508
76511
76513
76533
76534
76540
76541
76542
76543
76544
76547
76548
76549
76554
76559
76564
76569
76571
76579
78002
78015
78023
78054
78069
78073
78101
78109
78112
78148
78150
78152
78201
78202
78203
78204
78205
78206
78207
78208
78209
78210
78211
78212
78213
78214
78215
78216
78217
78218
78219
78220
78221
78222
78223
78224
78225
78226
78227
78228
78229
78230
78231
78232
78233
78234
78235
78236
78237
78238
78239
78240
78241
78242
78243
78244
78245
78246
78247
78248
78249
78250
78251
78252
78253
78254
78255
78256
78257
78258
78259
78260
78261
78262
78263
78264
78265
78268
78269
78270
78275
78278
78279
78280
78283
78284
78285
78286
78287
78288
78289
78291
78292
78293
78294
78295
78296
78297
78298
78299
78606
78635
78636
78663
79738
76634
76637
76644
76649
76652
76665
76671
76689
76690
75501
75503
75504
75505
75507
75559
75561
75567
75569
75570
75573
75574
75599
77422
77430
77431
77463
77480
77486
77511
77512
77515
77516
77531
77534
77541
77542
77566
77577
77578
77581
77583
77584
77588
77801
77802
77803
77805
77806
77807
77808
77840
77841
77842
77843
77844
77845
77862
77866
77869
77881
79830
79831
79832
79834
79842
79852
79255
79257
78353
78355
76432
76801
76802
76803
76804
76823
76827
76857
76890
77836
77838
77839
77852
77863
77878
77879
78605
78608
78611
78654
78657
78616
78622
78644
78648
78655
78656
78661
77972
77978
77979
77982
77983
76443
76469
79504
79510
78520
78521
78522
78523
78526
78535
78550
78551
78552
78553
78559
78566
78567
78568
78575
78578
78583
78586
78592
78593
78597
75451
75686
79039
79068
79080
79097
75551
75555
75556
75560
75562
75563
75565
75566
75572
75630
75656
79027
79043
79063
79085
77514
77523
77560
77580
77597
77661
77665
75759
75764
75766
75772
75780
75784
75785
75925
75976
79201
79222
79238
79259
76228
76352
76357
76365
76377
79314
79346
79379
76933
76945
76949
76953
76828
76834
76845
76873
76878
76882
76884
76888
76889
79519
79538
75002
75009
75013
75023
75024
75025
75026
75033
75034
75035
75069
75070
75071
75074
75075
75078
75086
75093
75094
75097
75121
75164
75166
75173
75407
75409
75424
75442
75454
75485
79077
79095
79230
79251
77412
77434
77442
77460
77470
77475
78934
78935
78943
78951
78962
78964
78070
78130
78131
78132
78133
78135
78163
78266
78623
76442
76444
76452
76455
76468
76474
76837
76855
76862
76866
76937
76238
76240
76241
76250
76252
76253
76263
76272
76522
76525
76526
76528
76538
76552
76558
76561
76566
76576
76596
76597
76598
76599
79223
79224
79248
79731
76943
79321
79322
79343
79357
79855
79022
79051
79087
75001
75006
75011
75014
75015
75016
75017
75019
75030
75037
75038
75039
75040
75041
75042
75043
75044
75045
75046
75047
75048
75048
75049
75050
75051
75052
75053
75054
75060
75061
75062
75063
75080
75081
75082
75083
75084
75085
75088
75089
75098
75099
75104
75106
75115
75116
75123
75134
75137
75138
75141
75146
75149
75150
75159
75172
75180
75181
75182
75185
75187
75201
75202
75203
75204
75205
75206
75207
75208
75209
75210
75211
75212
75214
75215
75216
75217
75218
75219
75220
75221
75222
75223
75224
75225
75226
75227
75228
75229
75230
75231
75232
75233
75234
75235
75236
75237
75238
75239
75240
75241
75242
75243
75244
75245
75246
75247
75248
75249
75250
75251
75252
75253
75254
75258
75260
75261
75262
75263
75264
75265
75266
75267
75270
75275
75277
75283
75284
75285
75286
75287
75294
75295
75301
75303
75310
75312
75313
75315
75320
75323
75326
75334
75336
75339
75342
75343
75344
75346
75350
75353
75354
75355
75356
75357
75358
75359
75360
75363
75364
75367
75368
75369
75370
75371
75372
75373
75374
75376
75378
75379
75380
75381
75382
75386
75387
75388
75389
75390
75391
75392
75393
75394
75395
75396
75397
75398
79331
79377
79713
79025
79045
75415
75432
75441
75448
75450
75469
75007
75008
75010
75022
75027
75028
75029
75056
75057
75065
75067
75068
75077
76201
76202
76203
76204
76205
76206
76207
76208
76209
76210
76226
76227
76247
76249
76258
76259
76262
76266
76299
76625
77954
77967
77974
77989
77994
78141
78164
79220
79229
79243
79370
78827
78830
78834
78836
79226
79237
79240
78341
78349
78357
78376
78384
76435
76437
76445
76448
76454
76466
76470
76471
79741
79758
79759
79760
79761
79762
79763
79764
79765
79766
79767
79768
79769
79776
76883
78828
78880
75101
75119
75120
75125
75152
75154
75155
75165
75167
75168
76041
76064
76065
76623
76651
76670
79821
79835
79836
79838
79849
79853
79901
79902
79903
79904
79905
79906
79907
79908
79910
79911
79912
79913
79914
79915
79916
79917
79918
79920
79922
79923
79924
79925
79926
79927
79928
79929
79930
79931
79932
79934
79935
79936
79937
79938
79940
79941
79942
79943
79944
79945
79946
79947
79948
79949
79950
79951
79952
79953
79954
79955
79958
79960
79961
79966
79968
79973
79974
79975
79976
79977
79978
79980
79982
79983
79984
79985
79986
79987
79988
79989
79990
79991
79992
79993
79994
79995
79996
79997
79998
79999
88510
88511
88512
88513
88514
88515
88516
88517
88518
88519
88520
88521
88523
88524
88525
88526
88527
88528
88529
88530
88531
88532
88533
88534
88535
88536
88538
88539
88540
88541
88542
88543
88544
88545
88546
88547
88548
88549
88550
88553
88554
88555
88556
88557
88558
88559
88560
88561
88562
88563
88565
88566
88567
88568
88569
88570
88571
88572
88573
88574
88575
88576
88577
88578
88579
88580
88581
88582
88583
88584
88585
88586
88587
88588
88589
88590
88595
76401
76402
76433
76446
76461
76465
76570
76632
76656
76661
76675
76677
76680
76685
75413
75418
75438
75439
75443
75446
75447
75449
75452
75475
75476
75479
75488
75490
75492
78932
78938
78940
78941
78945
78946
78949
78952
78954
78956
78960
78961
78963
79534
79543
79546
79560
79221
79231
79235
79241
79258
79227
79260
77406
77407
77417
77441
77444
77451
77459
77461
77464
77469
77471
77476
77477
77478
77479
77481
77487
77489
77496
77497
77498
77545
75457
75480
75487
75838
75840
75848
75859
75860
76693
78005
78017
78057
78061
79342
79359
79360
77510
77517
77518
77539
77546
77549
77550
77551
77552
77553
77554
77555
77563
77565
77568
77573
77574
77590
77591
77592
77617
77623
77650
79330
79356
78618
78624
78631
78671
78675
79739
77960
77963
77993
78107
78122
78140
78159
78603
78604
78614
78629
78632
78658
78677
78959
79002
79054
79057
79065
79066
75020
75021
75058
75076
75090
75091
75092
75414
75459
75489
75491
75495
76233
76245
76264
76268
76271
76273
75601
75602
75603
75604
75605
75606
75607
75608
75615
75641
75647
75660
75662
75663
75693
77363
77830
77831
77861
77868
77873
77875
77876
78108
78115
78123
78124
78154
78155
78156
78638
78670
79021
79032
79041
79072
79073
79250
79311
79489
79233
79239
79245
79261
76436
76456
76457
76531
76565
79040
79062
79081
79225
79252
77374
77376
77519
77585
77625
77656
77657
77659
77663
77711
77001
77002
77003
77004
77005
77006
77007
77008
77009
77010
77011
77012
77013
77014
77015
77016
77017
77018
77019
77020
77021
77022
77023
77024
77025
77026
77027
77028
77029
77030
77031
77032
77033
77034
77035
77036
77037
77038
77039
77040
77041
77042
77043
77044
77045
77046
77047
77048
77049
77050
77051
77052
77053
77054
77055
77056
77057
77058
77059
77060
77061
77062
77063
77064
77065
77066
77067
77068
77069
77070
77071
77072
77073
77074
77075
77076
77077
77078
77079
77080
77081
77082
77083
77084
77085
77086
77087
77088
77089
77090
77091
77092
77093
77094
77095
77096
77097
77098
77099
77201
77202
77203
77204
77205
77206
77207
77208
77209
77210
77212
77213
77215
77216
77217
77218
77219
77220
77221
77222
77223
77224
77225
77226
77227
77228
77229
77230
77231
77233
77234
77235
77236
77237
77238
77240
77241
77242
77243
77244
77245
77246
77247
77248
77249
77250
77251
77252
77253
77254
77255
77256
77257
77258
77259
77260
77261
77262
77263
77265
77266
77267
77268
77269
77270
77271
77272
77273
77274
77275
77276
77277
77278
77279
77280
77281
77282
77284
77285
77287
77288
77289
77290
77291
77292
77293
77294
77296
77297
77298
77299
77315
77325
77336
77337
77338
77339
77345
77346
77347
77373
77375
77377
77379
77382
77383
77388
77389
77391
77396
77401
77402
77410
77411
77413
77429
77433
77447
77449
77450
77491
77492
77493
77494
77501
77502
77503
77504
77505
77506
77507
77508
77520
77521
77522
77530
77532
77536
77547
77562
77571
77572
77586
77587
77598
75642
75650
75651
75659
75661
75670
75671
75672
75688
75692
75694
79018
79044
76388
79521
79539
79544
79547
79548
78610
78619
78620
78640
78666
78667
78676
79014
75124
75143
75148
75163
75751
75752
75756
75758
75770
75778
75782
78501
78502
78503
78504
78505
78516
78537
78538
78539
78540
78541
78542
78543
78549
78557
78558
78560
78562
78563
78565
78570
78572
78573
78576
78577
78579
78589
78595
78596
78599
79542
76055
76621
76622
76627
76628
76631
76636
76645
76648
76650
76660
76666
76673
76676
76692
79313
79336
79338
79353
79358
79367
79372
79380
76035
76048
76049
76462
76467
76476
75420
75431
75433
75437
75471
75478
75481
75482
75483
75835
75844
75847
75849
75851
75858
79511
79720
79721
79733
79748
79837
79839
79847
79851
75135
75401
75402
75403
75404
75422
75423
75428
75429
75453
75458
75474
75496
79007
79008
79036
79078
79083
76930
76941
76427
76458
76459
76486
77957
77961
77962
77969
77970
77971
77991
75951
75956
75957
77612
77615
79734
79854
77613
77619
77622
77627
77629
77640
77641
77642
77643
77651
77655
77701
77702
77703
77704
77705
77706
77707
77708
77709
77710
77713
77720
77725
77726
78360
78361
78332
78333
78342
78372
78375
78383
76009
76028
76031
76033
76044
76050
76058
76059
76061
76084
76093
76097
79501
79503
79520
79525
79533
79553
78111
78113
78116
78117
78118
78119
78144
78151
75114
75118
75126
75142
75147
75156
75157
75158
75160
75161
78004
78006
78013
78027
78074
78338
78385
79518
79528
78010
78024
78025
78028
78029
78058
76849
76854
76874
79232
79236
78832
78363
78364
78379
76363
76371
76383
79505
79529
75411
75416
75421
75425
75434
75435
75460
75461
75462
75468
75470
75473
75477
75486
79031
79064
79082
79312
79326
79339
79369
79371
76539
76550
76824
76853
78001
78014
78019
78021
77964
77975
77984
77985
77986
77987
77995
77853
78942
78947
78948
75831
75833
75846
75850
75855
77850
77855
77865
77871
77327
77328
77368
77369
77533
77535
77538
77561
77564
77575
77582
76635
76642
76653
76667
76678
76686
76687
79005
79024
79034
79046
79056
78022
78060
78071
78075
78350
76831
76885
78607
78609
78639
78643
78672
79754
79329
79350
79363
79364
79366
79382
79401
79402
79403
79404
79405
79406
79407
79408
79409
79410
79411
79412
79413
79414
79415
79416
79423
79424
79430
79452
79453
79457
79464
79490
79491
79493
79499
79351
79373
79381
79383
76825
76836
76852
76858
76867
76872
76887
76524
76557
76624
76630
76633
76638
76640
76643
76654
76655
76657
76664
76682
76684
76691
76701
76702
76703
76704
76705
76706
76707
76708
76710
76711
76712
76714
76715
76716
76795
76796
76797
