76798
76799
78007
78072
75852
77864
77872
75564
75657
79749
79782
79783
76820
76842
76856
76869
77404
77414
77415
77419
77428
77440
77456
77457
77458
77465
77468
77482
77483
78852
78853
78860
78877
78009
78016
78039
78056
78059
78066
78850
78861
78886
76841
76848
76859
79701
79702
79703
79704
79705
79706
79707
79708
79709
79710
79711
79712
76517
76518
76519
76520
76523
76555
76556
76567
76577
77857
76844
76864
76870
76880
79512
79532
79565
76230
76239
76251
76255
76261
76265
76270
77286
77301
77302
77303
77304
77305
77306
77316
77318
77333
77353
77354
77355
77356
77357
77362
77365
77372
77378
77380
77381
77384
77385
77386
77387
77393
79013
79029
79058
79086
75568
75571
75636
75638
75668
79234
79244
79256
75760
75788
75937
75943
75944
75946
75958
75961
75962
75963
75964
75965
75978
75102
75105
75109
75110
75144
75151
75153
76626
76639
76641
76679
76681
75928
75932
75933
75966
75977
77614
79506
79535
79537
79545
79556
78330
78339
78343
78347
78351
78373
78380
78401
78402
78403
78404
78405
78406
78407
78408
78409
78410
78411
78412
78413
78414
78415
78416
78417
78418
78419
78426
78427
78460
78461
78463
78465
78466
78467
78468
78469
78470
78471
78472
78473
78474
78475
78476
78477
78478
78480
79033
79070
79093
79001
79010
79092
79098
77611
77626
77630
77631
77632
77639
77662
77670
76067
76068
76449
76453
76463
76472
76475
76484
75631
75633
75637
75639
75643
75669
75685
76008
76066
76082
76085
76086
76087
76088
76098
76439
76485
76487
76490
79009
79035
79053
79325
79730
79735
79740
79743
79744
79781
75934
75939
75960
77326
77332
77335
77350
77351
77360
77399
79012
79101
79102
79103
79104
79105
79106
79107
79108
79111
79116
79117
79120
79123
79124
79159
79160
79161
79163
79164
79165
79166
79167
79168
79170
79171
79172
79173
79174
79175
79176
79177
79178
79180
79181
79182
79184
79185
79186
79187
79188
79189
79843
79845
79846
79850
75410
75440
75472
79015
79016
79091
79109
79110
79114
79118
79119
79121
76932
78833
78873
78879
75412
75417
75426
75436
75550
75554
79718
79770
79772
79780
79785
79786
77950
77990
78340
78377
78393
79059
76629
77837
77856
77859
77867
77870
77882
75032
75087
75132
75189
76821
76861
76865
76875
79566
79567
75652
75653
75654
75658
75666
75667
75680
75681
75682
75684
75687
75689
75691
75930
75931
75947
75948
75959
75968
75929
75972
77331
77359
77364
77371
78335
78336
78352
78359
78362
78368
78370
78374
78387
78390
76832
76871
76877
76936
79516
79517
79526
79527
79549
79550
76430
76464
75935
75954
75973
75974
75975
79084
75701
75702
75703
75704
75705
75706
75707
75708
75709
75710
75711
75712
75713
75750
75757
75762
75771
75789
75791
75792
75798
75799
76043
76070
76077
78536
78545
78547
78548
78582
78584
78585
78588
78591
76424
76429
76951
79502
79540
76950
79042
79052
79088
76000
76001
76002
76003
76004
76005
76006
76007
76010
76011
76012
76013
76014
76015
76016
76017
76018
76019
76020
76021
76022
76034
76036
76039
76040
76051
76052
76053
76054
76060
76063
76092
76094
76095
76096
76099
76101
76102
76103
76104
76105
76106
76107
76108
76109
76110
76111
76112
76113
76114
76115
76116
76117
76118
76119
76120
76121
76122
76123
76124
76126
76127
76129
76130
76131
76132
76133
76134
76135
76136
76137
76140
76147
76148
76150
76155
76161
76162
76163
76164
76166
76177
76178
76179
76180
76181
76182
76185
76191
76192
76193
76195
76196
76197
76198
76199
76244
76248
79508
79530
79536
79541
79561
79562
79563
79601
79602
79603
79604
79605
79606
79607
79608
79697
79698
79699
78851
79848
79316
79345
79378
76359
76483
76491
75455
75456
75493
75558
76886
76901
76902
76903
76904
76905
76906
76908
76909
76934
76935
76939
76940
76955
76957
76958
73301
73344
78617
78645
78651
78652
78653
78660
78669
78691
78701
78702
78703
78704
78705
78708
78709
78710
78711
78712
78713
78714
78715
78716
78718
78719
78720
78721
78722
78723
78724
78725
78726
78727
78728
78730
78731
78732
78733
78734
78735
78736
78737
78738
78739
78741
78742
78744
78745
78746
78747
78748
78749
78750
78751
78752
78753
78754
78755
78756
78757
78758
78759
78760
78761
78762
78763
78764
78765
78766
78767
78768
78769
78771
78772
78773
78774
78778
78779
78780
78781
78782
78783
78785
78786
78787
78788
78789
78798
78799
75834
75845
75856
75862
75865
75926
75936
75938
75942
75979
75990
77616
77624
77660
77664
75340
75640
75644
75645
75683
75755
75797
79752
79755
79778
78801
78802
78838
78870
78881
78884
78835
78837
78840
78841
78842
78843
78847
78871
75103
75117
75127
75140
75169
75754
75790
77901
77902
77903
77904
77905
77951
77968
77973
77976
77977
77988
77320
77334
77340
77341
77342
77343
77344
77348
77349
77358
77367
77423
77445
77446
77466
77484
79719
79742
79756
79777
79779
79788
77426
77833
77834
77835
77880
78040
78041
78042
78043
78044
78045
78046
78049
78344
78369
78371
77420
77432
77435
77436
77437
77443
77448
77453
77454
77455
77462
77467
77488
79003
79011
79061
79079
79096
76301
76302
76303
76304
76305
76306
76307
76308
76309
76310
76311
76354
76360
76367
76369
76364
76373
76384
76385
79247
78561
78569
78574
78580
78590
78594
78598
76527
76530
76537
76573
76574
76578
78613
78615
78626
78627
78628
78630
78633
78634
78641
78642
78646
78664
78665
78673
78674
78680
78681
78682
78683
78717
78729
78114
78121
78143
78147
78160
78161
79745
79789
76023
76071
76073
76078
76225
76234
76246
76267
76426
76431
75444
75494
75497
75765
75773
75783
79323
79355
79376
76372
76374
76450
76460
76481
78067
78076
78564
78829
78839
78872
84713
84731
84751
84752
84301
84302
84306
84307
84309
84311
84312
84313
84314
84316
84324
84329
84330
84331
84334
84336
84337
84340
84304
84305
84308
84318
84319
84320
84321
84322
84323
84325
84326
84327
84328
84332
84333
84335
84338
84339
84341
84501
84520
84526
84527
84529
84539
84542
84023
84046
84010
84011
84014
84015
84016
84025
84037
84040
84041
84054
84056
84075
84087
84089
84001
84002
84007
84012
84021
84027
84031
84051
84052
84053
84066
84072
84073
84513
84516
84518
84521
84522
84523
84525
84528
84537
84712
84716
84717
84718
84726
84735
84736
84759
84764
84776
84515
84532
84540
84714
84719
84720
84721
84742
84753
84756
84760
84761
84772
84628
84639
84645
84648
84710
84729
84741
84755
84758
84762
84624
84631
84635
84636
84637
84638
84640
84644
84649
84650
84656
84728
84018
84050
84723
84732
84740
84743
84750
84028
84038
84064
84086
84006
84020
84044
84047
84065
84070
84081
84084
84088
84090
84091
84092
84093
84094
84095
84096
84101
84102
84103
84104
84105
84106
84107
84108
84109
84110
84111
84112
84113
84114
84115
84116
84117
84118
84119
84120
84121
84122
84123
84124
84125
84126
84127
84128
84129
84130
84131
84132
84133
84134
84135
84136
84137
84138
84139
84140
84141
84142
84143
84144
84145
84147
84148
84150
84151
84152
84153
84157
84158
84165
84170
84171
84180
84184
84185
84189
84190
84193
84194
84195
84199
84510
84511
84512
84530
84531
84533
84534
84535
84536
84621
84622
84623
84627
84629
84630
84632
84634
84642
84643
84646
84647
84662
84665
84667
84620
84652
84654
84657
84701
84711
84724
84730
84739
84744
84754
84766
84017
84024
84033
84036
84055
84060
84061
84068
84098
84022
84029
84034
84069
84071
84074
84080
84083
84008
84026
84030
84035
84039
84063
84076
84078
84079
84085
84003
84004
84005
84013
84042
84043
84045
84057
84058
84059
84062
84097
84601
84602
84603
84604
84605
84606
84626
84633
84651
84653
84655
84660
84663
84664
84032
84049
84082
84722
84725
84733
84737
84738
84745
84746
84757
84763
84765
84767
84770
84771
84774
84779
84780
84781
84782
84783
84784
84790
84791
84715
84734
84747
84749
84773
84775
84067
84201
84244
84310
84315
84317
84401
84402
84403
84404
84405
84407
84408
84409
84412
84414
84415
23214
23301
23302
23303
23306
23308
23336
23337
23341
23345
23356
23357
23358
23359
23389
23395
23396
23399
23401
23403
23404
23407
23409
23410
23412
23414
23415
23416
23417
23418
23420
23421
23422
23423
23426
23427
23440
23441
23442
23480
23481
23483
23488
22901
22909
22911
22924
22929
22931
22932
22936
22937
22940
22943
22945
22946
22947
22959
22987
24562
24590
24422
24448
24457
24474
23002
23083
23105
24521
24533
24572
24574
24595
23939
23958
24522
24593
22201
22202
22203
22204
22205
22206
22207
22209
22210
22211
22212
22213
22214
22215
22216
22217
22218
22219
22222
22223
22225
22226
22227
22229
22230
22234
22240
22241
22242
22243
22244
22245
22246
22843
22939
22952
24407
24411
24421
24430
24431
24432
24437
24440
24444
24459
24463
24467
24469
24475
24476
24477
24479
24482
24485
24486
22549
24412
24445
24460
24484
24487
24095
24101
24104
24121
24122
24174
24178
24526
24536
24551
24556
24570
24314
24315
24318
24366
24019
24050
24064
24066
24077
24083
24085
24090
24130
24175
24438
23821
23843
23845
23856
23857
23868
23873
23876
23887
23889
23893
23920
24239
24603
24614
24618
24620
24624
24627
24628
24631
24634
24639
24646
24647
24656
24657
24658
23004
23123
23911
23921
23936
24512
24513
24517
24528
24538
24550
24554
24569
24571
24576
24588
22427
22428
22446
22501
22514
22535
22538
22546
22552
22580
24317
24325
24328
24343
24351
24352
24381
23030
23147
23923
23934
23937
23947
23959
23962
23963
23964
23967
23976
23112
23113
23114
23120
23234
23235
23236
23237
23297
23831
23832
23836
23838
22611
22620
22646
22663
24127
24131
22701
22713
22714
22718
22724
22726
22729
22733
22735
22736
22737
22741
23027
23037
23040
24217
24220
24226
24228
24256
24269
24272
24289
24607
23822
23830
23833
23840
23841
23850
23872
23885
23894
22436
22437
22438
22439
22454
22476
22504
22509
22559
22560
23115
20120
20121
20122
20124
20151
20153
20170
20171
20172
20190
20191
20192
20193
20194
20195
20196
22003
22009
22015
22016
22020
22021
22022
22027
22032
22033
22034
22035
22036
22037
22039
22041
22042
22043
22044
22047
22060
22066
22067
22070
22071
22079
22081
22082
22090
22091
22092
22094
22095
22096
22101
22102
22103
22106
22107
22108
22109
22116
22118
22119
22120
22121
22122
22124
22150
22151
22152
22153
22156
22158
22159
22160
22161
22180
22181
22182
22183
22184
22185
22199
22303
22306
22307
22308
22309
22310
22312
22315
22321
20115
20116
20119
20128
20130
20137
20138
20139
20140
20144
20184
20185
20186
20187
20188
20198
22014
22017
22019
22115
22128
22130
22140
22176
22186
22639
22643
22712
22720
22728
22734
22739
22742
24072
24079
24091
24105
24380
22963
22974
23022
23055
23084
24065
24067
24088
24092
24102
24137
24146
24151
24176
24184
22141
22602
22603
22622
22624
22625
22637
22638
22645
22654
22655
22656
24086
24093
24094
24124
24128
24134
24136
24147
24150
24167
23001
23003
23017
23018
23050
23061
23062
23072
23107
23122
23131
23154
23155
23178
23183
23184
23190
23191
23014
23038
23039
23054
23063
23065
23067
23102
23103
23129
23153
23160
23238
24292
24326
24330
24348
24363
24378
24379
22935
22965
22968
22973
23870
23879
24520
24534
24535
24539
24558
24577
24585
24589
24592
24596
24597
24598
23005
23015
23047
23059
23069
23111
23116
23146
23162
23192
23058
23060
23075
23150
23226
23227
23228
23229
23230
23231
23233
23242
23250
23255
23280
23288
23289
23294
24054
24055
24078
24089
24148
24165
24168
24413
24433
24442
24458
24465
24468
23304
23314
23315
23397
23424
23430
23431
23487
23898
23081
23127
23168
23185
23188
22024
23013
23023
23029
23085
23091
23108
23110
23126
23148
23156
23161
23177
23216
22448
22451
22481
22485
22526
22544
22547
23009
23016
23080
23086
23106
23181
22480
22482
22503
22507
22513
22517
22523
22528
22576
22578
24218
24221
24243
24248
24263
24265
24277
24281
24282
20101
20102
20103
20104
20105
20107
20117
20118
20129
20131
20132
20134
20135
20141
20142
20146
20147
20148
20149
20152
20158
20159
20160
20163
20164
20165
20166
20167
20175
20176
20177
20178
20180
20189
20197
20199
22001
22010
22012
22068
22075
22078
22080
22093
22117
22129
22131
22132
22170
22190
23024
23042
23093
23117
23170
23938
23941
23944
23952
23974
22709
22711
22715
22719
22721
22722
22723
22725
22727
22730
22731
22732
22738
22743
22748
22948
22953
22989
23020
23021
23025
23035
23045
23056
23064
23066
23068
23076
23109
23118
23119
23125
23128
23130
23138
23163
23915
23917
23919
23924
23927
23950
23968
23970
24529
24580
23031
23032
23043
23070
23071
23079
23092
23149
23169
23175
23176
23179
23180
24023
24060
24061
24062
24063
24068
24073
24111
24138
24149
24162
22920
22922
22938
22949
22951
22954
22958
22964
22967
22969
22971
22976
24464
24553
24581
24599
23011
23089
23124
23140
23141
23307
23310
23313
23316
23347
23350
23354
23398
23405
23408
23413
23419
23429
23443
23482
23484
23486
22432
22435
22456
22473
22511
22530
22539
22579
23824
23825
23922
23930
23955
22433
22508
22542
22567
22568
22923
22942
22957
22960
22972
22650
22835
22849
22851
22171
24053
24076
24082
24120
24133
24171
24177
24185
23137
24069
24139
24161
24527
24530
24531
24549
24557
24563
24565
24566
24586
24594
23101
23139
23901
23909
23935
23942
23943
23954
23960
23966
23801
23842
23875
20136
20143
20155
20156
20168
20169
20181
20182
22011
22013
22018
22025
22026
22065
22069
22123
22125
22134
22135
22172
22191
22192
22193
22194
22195
24058
24084
24126
24129
24132
24301
24324
24347
20106
22002
22623
22627
22640
22716
22740
22746
22747
22749
22460
22461
22472
22548
22570
22572
24018
24020
24059
24070
24087
24179
24415
24435
24439
24472
24473
24483
24555
24578
24579
22802
22811
22812
22815
22820
22821
22827
22830
22831
22832
22833
22834
22840
22841
22846
22848
22850
22853
24441
24471
24224
24225
24237
24260
24266
24280
24649
24244
24245
24250
24251
24258
24271
24290
22626
22641
22644
22652
22657
22660
22664
22810
22824
22842
22844
22845
22847
24311
24316
24319
24354
24370
24373
24375
23827
23828
23829
23837
23844
23859
23866
23874
23878
22407
22408
22412
22534
22551
22553
22565
22403
22405
22406
22430
22463
22471
22545
22554
22555
22556
23839
23846
23881
23883
23899
23867
23882
23884
23888
23890
23891
23897
24377
24601
24602
24604
24605
24606
24608
24609
24612
24613
24619
24622
24630
24635
24637
24640
24641
24651
22610
22630
22642
22649
22651
24210
24211
24212
24236
24270
24327
24340
24361
22442
22443
22469
22488
22520
22524
22529
22558
22577
22581
22421
24215
24216
24219
24230
24246
24249
24279
24283
24285
24293
24312
24313
24322
24323
24350
24360
24368
24374
24382
23090
23690
23691
23692
23693
23694
23696
22301
22302
22304
22305
22311
22313
22314
22320
22331
22332
22333
22334
22336
22350
24523
24201
24202
24203
24209
24416
22902
22903
22904
22905
22906
22907
22908
22910
23320
23321
23322
23323
23324
23325
23326
23327
23328
23834
24426
24540
24541
24543
24544
23847
22030
22031
22038
22040
22046
23851
22401
22402
22404
24333
23630
23631
23651
23653
23661
23663
23664
23665
23666
23667
23668
23669
23670
23681
22801
22803
22807
23860
24450
24501
24502
24503
24504
24505
24506
24514
24515
20108
20109
20110
22110
22111
20111
20112
20113
24112
24113
24114
24115
23600
23601
23602
23603
23604
23605
23606
23607
23608
23609
23612
23628
23500
23501
23502
23503
23504
23505
23506
23507
23508
23509
23510
23511
23512
23513
23514
23515
23517
23518
23519
23520
23523
23529
23530
23541
23551
24273
23803
23804
23805
23806
23662
23701
23702
23703
23704
23705
23707
23708
23709
24141
24142
24143
23173
23201
23202
23203
23204
23205
23206
23207
23208
23209
23210
23211
23212
23213
23215
23217
23218
23219
23220
23221
23222
23223
23224
23225
23232
23240
23241
23249
23260
23261
23266
23269
23270
23272
23273
23274
23275
23276
23277
23278
23279
23282
23284
23285
23286
23290
23291
23292
23293
23295
23298
24000
24001
24002
24003
24004
24005
24006
24007
24008
24009
24010
24011
24012
24013
24014
24015
24016
24017
24022
24024
24025
24026
24027
24028
24029
24030
24031
24032
24033
24034
24035
24036
24037
24038
24040
24042
24043
24044
24045
24048
24153
24155
24156
24157
24401
24402
23432
23433
23434
23435
23436
23437
23438
23439
23453
23450
23451
23452
23454
23455
23456
23457
23458
23459
23460
23461
23462
23463
23464
23465
23466
23467
23468
23471
23479
23521
22980
23186
23187
22601
22604
5443
5456
5469
5472
5473
5487
5491
5669
5734
5740
5747
5748
5753
5760
5766
5769
5770
5778
5152
5201
5250
5251
5252
5253
5254
5255
5257
5260
5261
5262
5340
5350
5352
5768
5776
5042
5046
5050
5069
5819
5821
5828
5832
5836
5838
5843
5848
5849
5850
5851
5861
5862
5863
5866
5867
5871
5873
5401
5402
5403
5404
5405
5406
5407
5408
5439
5445
5446
5449
5451
5452
5453
5461
5462
5465
5466
5468
5477
5482
5489
5490
5494
5495
5824
5837
5840
5846
5858
5901
5902
5903
5904
5905
5906
5907
5441
5447
5448
5450
5454
5455
5457
5459
5460
5470
5471
5476
5478
5479
5481
5483
5485
5488
5440
5458
5463
5474
5486
5442
5444
5464
5492
5652
5653
5655
5656
5657
5661
5662
5665
5672
5680
5033
5036
5038
5039
5040
5041
5043
5044
5045
5051
5054
5058
5060
5061
5070
5072
5074
5075
5076
5077
5079
5081
5083
5085
5086
5675
5679
5820
5822
5823
5825
5826
5827
5829
5830
5833
5839
5841
5842
5845
5847
5853
5855
5857
5859
5860
5868
5872
5874
5875
5701
5702
5730
5731
5732
5733
5735
5736
5737
5738
5739
5741
5742
5743
5744
5745
5750
5751
5757
5758
5759
5761
5762
5763
5764
5765
5773
5774
5775
5777
5601
5602
5603
5604
5609
5620
5633
5640
5641
5647
5648
5649
5650
5651
5654
5658
5660
5663
5664
5666
5667
5670
5671
5673
5674
5676
5677
5678
5681
5682
5101
5141
5146
5148
5154
5155
5158
5159
5301
5302
5303
5304
5341
5342
5343
5344
5345
5346
5351
5353
5354
5355
5356
5357
5358
5359
5360
5361
5362
5363
5001
5009
5030
5031
5032
5034
5035
5037
5047
5048
5049
5052
5053
5055
5056
5059
5062
5065
5067
5068
5071
5073
5084
5088
5089
