5091
5142
5143
5144
5149
5150
5151
5153
5156
5161
5746
5767
5772
99105
99169
99327
99332
99341
99344
99371
99401
99402
99403
99320
99336
99337
99338
99345
99346
99350
99352
99353
99354
98801
98807
98811
98815
98816
98817
98821
98822
98826
98828
98831
98836
98847
98852
98305
98324
98326
98331
98334
98343
98350
98357
98362
98363
98381
98382
98601
98604
98606
98607
98622
98629
98642
98660
98661
98662
98663
98664
98665
98666
98667
98668
98671
98675
98682
98683
98684
98685
98686
98687
99328
99359
98581
98603
98609
98611
98616
98625
98626
98632
98645
98649
98674
98802
98813
98830
98843
98845
98850
98858
99107
99118
99121
99138
99140
99146
99150
99160
99166
99301
99302
99326
99330
99335
99343
99347
98823
98824
98832
98837
98848
98851
98853
98857
98860
99115
99123
99133
99135
99321
99349
99357
98520
98526
98535
98536
98537
98541
98547
98550
98552
98557
98559
98562
98563
98566
98568
98569
98571
98575
98583
98587
98595
98236
98239
98249
98253
98260
98277
98278
98320
98325
98339
98358
98365
98368
98376
98001
98002
98003
98004
98005
98006
98007
98008
98009
98010
98011
98013
98014
98015
98019
98022
98023
98024
98025
98027
98028
98029
98030
98031
98032
98033
98034
98035
98038
98039
98040
98041
98042
98045
98047
98050
98051
98052
98053
98054
98055
98056
98057
98058
98059
98060
98062
98063
98064
98065
98068
98070
98071
98072
98073
98074
98075
98082
98083
98089
98092
98093
98101
98102
98103
98104
98105
98106
98107
98108
98109
98111
98112
98113
98114
98115
98116
98117
98118
98119
98121
98122
98124
98125
98126
98127
98129
98130
98131
98132
98133
98134
98136
98138
98139
98140
98141
98144
98145
98146
98148
98150
98151
98154
98155
98158
98160
98161
98164
98165
98166
98168
98170
98171
98174
98175
98177
98178
98181
98184
98185
98188
98190
98191
98194
98195
98198
98199
98224
98288
98061
98110
98310
98311
98312
98314
98315
98322
98337
98340
98342
98345
98346
98353
98359
98364
98366
98367
98370
98378
98380
98383
98384
98386
98392
98393
98922
98925
98926
98934
98940
98941
98943
98946
98950
98602
98605
98613
98617
98619
98620
98623
98628
98635
98650
98670
98672
98673
99322
99356
98336
98355
98356
98361
98377
98522
98531
98532
98533
98538
98539
98542
98544
98564
98565
98570
98572
98582
98585
98591
98593
98596
99008
99032
99103
99117
99122
99134
99144
99147
99154
99159
99185
98524
98528
98546
98548
98555
98560
98584
98588
98592
98812
98814
98819
98827
98829
98833
98834
98840
98841
98844
98846
98849
98855
98856
98859
98862
99116
99124
99155
98527
98554
98561
98577
98586
98590
98614
98624
98631
98637
98638
98640
98641
98644
99119
99139
99152
99153
99156
99180
98303
98304
98321
98323
98327
98328
98329
98330
98332
98333
98335
98338
98344
98348
98349
98351
98352
98354
98360
98371
98372
98373
98374
98375
98385
98387
98388
98390
98391
98394
98395
98396
98397
98398
98401
98402
98403
98404
98405
98406
98407
98408
98409
98411
98412
98413
98415
98416
98417
98418
98419
98421
98422
98424
98430
98431
98433
98434
98438
98439
98442
98443
98444
98445
98446
98447
98448
98450
98455
98460
98464
98465
98466
98467
98471
98477
98481
98490
98492
98493
98494
98496
98497
98498
98499
98558
98580
98222
98243
98245
98250
98261
98279
98280
98286
98297
98221
98232
98233
98235
98237
98238
98246
98255
98257
98263
98267
98273
98274
98283
98284
98610
98639
98648
98651
98012
98020
98021
98026
98036
98037
98043
98046
98077
98087
98201
98203
98204
98205
98206
98207
98208
98213
98223
98241
98251
98252
98256
98258
98259
98270
98271
98272
98275
98282
98287
98290
98291
98292
98293
98294
98296
99001
99003
99004
99005
99006
99009
99011
99012
99014
99015
99016
99018
99019
99020
99021
99022
99023
99025
99026
99027
99028
99029
99030
99031
99036
99037
99039
99201
99202
99203
99204
99205
99206
99207
99208
99209
99210
99211
99212
99213
99214
99215
99216
99217
99218
99219
99220
99223
99224
99228
99251
99252
99254
99255
99256
99258
99260
99299
99013
99034
99040
99101
99109
99110
99114
99126
99129
99131
99137
99141
99148
99151
99157
99167
99173
99181
98501
98502
98503
98504
98505
98506
98507
98508
98509
98511
98512
98513
98516
98530
98540
98556
98576
98579
98589
98597
98599
98612
98621
98643
98647
99323
99324
99329
99348
99360
99361
99362
99363
98220
98225
98226
98227
98228
98229
98230
98231
98240
98244
98247
98248
98262
98264
98266
98276
98281
98295
99017
99033
99102
99104
99111
99113
99125
99127
99128
99130
99136
99143
99149
99158
99161
99163
99164
99165
99170
99171
99174
99176
99179
99333
98901
98902
98903
98904
98907
98908
98909
98920
98921
98923
98929
98930
98932
98933
98935
98936
98937
98938
98939
98942
98944
98947
98948
98951
98952
98953
53910
53921
53927
53934
53936
54613
54514
54517
54527
54528
54546
54806
54846
54850
54855
54861
54728
54733
54744
54762
54805
54812
54813
54818
54822
54826
54829
54841
54857
54866
54868
54889
54814
54816
54821
54827
54832
54839
54844
54847
54856
54865
54891
54115
54126
54162
54173
54180
54208
54229
54301
54302
54303
54304
54305
54306
54307
54308
54311
54313
54324
54344
54610
54622
54629
54743
54755
54756
54830
54840
54845
54872
54893
53014
53061
53062
53088
54110
54123
54129
54160
54169
54724
54726
54727
54729
54732
54745
54748
54757
54768
54774
54405
54420
54421
54422
54425
54436
54437
54446
54456
54460
54493
54498
54746
54771
53555
53901
53911
53923
53925
53928
53932
53935
53954
53955
53957
53960
53965
53969
53821
53826
54626
54628
54631
54640
54645
54654
54655
54657
53508
53515
53517
53523
53527
53528
53529
53531
53532
53558
53559
53560
53562
53571
53572
53575
53589
53590
53591
53593
53596
53597
53598
53701
53702
53703
53704
53705
53706
53707
53708
53709
53710
53711
53713
53714
53715
53716
53717
53718
53719
53725
53726
53744
53774
53777
53778
53779
53780
53782
53783
53784
53785
53786
53787
53788
53789
53790
53791
53792
53793
53794
53003
53006
53016
53032
53034
53035
53039
53047
53048
53050
53059
53078
53091
53098
53099
53557
53579
53916
53917
53922
53933
53956
53963
54202
54204
54209
54210
54211
54212
54213
54226
54234
54235
54246
54820
54836
54838
54842
54849
54854
54864
54873
54874
54880
54890
54725
54730
54734
54735
54737
54739
54749
54751
54763
54764
54765
54772
54701
54702
54703
54720
54722
54741
54742
54120
54121
54542
53009
53010
53019
53049
53057
53065
53079
53919
53931
54932
54935
54936
54937
54971
54974
54979
54103
54511
54520
54541
54566
53518
53554
53569
53573
53801
53802
53804
53805
53806
53807
53808
53809
53810
53811
53812
53813
53816
53817
53818
53820
53824
53825
53827
53502
53520
53521
53522
53550
53566
53570
53574
53926
53939
53945
53946
53947
54923
54941
54968
53503
53506
53507
53526
53533
53535
53543
53544
53553
53565
53580
53582
53595
54525
54534
54536
54547
54550
54559
54565
54611
54615
54635
54642
54643
54659
54754
53036
53038
53094
53137
53156
53178
53538
53549
53551
53594
53929
53944
53948
53950
53962
53968
54618
54637
54641
54646
53101
53102
53104
53109
53140
53141
53142
53143
53144
53152
53158
53159
53168
53170
53171
53179
53181
53192
53194
53199
54201
54205
54216
54217
54231
54601
54602
54603
54614
54636
54644
54650
54653
54669
53504
53510
53516
53530
53541
53586
53587
53599
53803
54409
54418
54424
54428
54430
54444
54445
54462
54464
54465
54485
54491
54435
54442
54452
54487
54532
53015
53042
53063
54203
54206
54207
54214
54215
54220
54221
54227
54228
54230
54232
54240
54241
54245
54247
54401
54402
54403
54408
54411
54417
54426
54427
54429
54432
54440
54448
54453
54455
54471
54474
54476
54479
54484
54488
54102
54104
54112
54114
54119
54125
54143
54151
54156
54157
54159
54161
54177
53920
53930
53949
53952
53953
53964
54960
54135
54150
53110
53129
53130
53132
53154
53172
53201
53202
53203
53204
53205
53206
53207
53208
53209
53210
53211
53212
53213
53214
53215
53216
53217
53218
53219
53220
53221
53222
53223
53224
53225
53226
53227
53228
53233
53234
53235
53235
53237
53244
53259
53263
53267
53268
53270
53274
53277
53278
53280
53281
53284
53285
53288
53290
53293
53295
54619
54620
54638
54648
54649
54656
54660
54662
54666
54670
54101
54124
54138
54139
54141
54149
54153
54154
54164
54171
54174
54175
54176
54463
54501
54529
54531
54539
54543
54548
54562
54564
54568
54106
54113
54130
54131
54136
54140
54152
54155
54165
54170
54911
54912
54913
54914
54915
54919
54922
54931
54942
54944
54951
53004
53012
53021
53024
53074
53080
53092
53097
54721
54736
54759
54769
54003
54010
54011
54014
54021
54022
54723
54740
54750
54761
54767
54001
54004
54005
54006
54009
54020
54024
54026
54810
54824
54837
54851
54853
54858
54406
54407
54423
54443
54458
54467
54473
54481
54482
54492
54909
54921
54459
54513
54515
54524
54537
54552
54555
54556
53105
53108
53126
53139
53167
53177
53182
53185
53401
53402
53403
53404
53405
53406
53407
53408
53490
53540
53556
53581
53584
53924
54617
53501
53505
53511
53512
53525
53534
53536
53537
53542
53545
53546
53547
53548
53563
53576
54526
54530
54563
54731
54766
54819
54848
54895
54002
54007
54012
54013
54015
54016
54017
54023
54025
54027
54028
54082
54082
53561
53577
53578
53583
53588
53913
53937
53940
53941
53942
53943
53951
53958
53959
53961
54828
54834
54835
54843
54862
54867
54876
54896
54107
54111
54127
54128
54137
54166
54182
54414
54416
54450
54486
54499
54928
54948
54978
53001
53011
53013
53020
53023
53026
53031
53044
53070
53073
53075
53081
53082
53083
53085
53093
54419
54433
54434
54439
54447
54451
54470
54480
54490
54612
54616
54625
54627
54630
54661
54738
54747
54758
54760
54770
54773
54621
54623
54624
54632
54634
54639
54651
54652
54658
54664
54665
54667
54512
54519
54521
54538
54540
54545
54554
54557
54558
54560
54561
53114
53115
53120
53121
53125
53128
53138
53147
53148
53157
53176
53184
53190
53191
53195
53585
54801
54817
54859
54870
54871
54875
54888
53002
53017
53022
53027
53033
53037
53040
53060
53076
53077
53086
53090
53095
53096
53005
53007
53008
53018
53029
53045
53046
53051
53052
53056
53058
53064
53066
53069
53072
53089
53103
53118
53119
53122
53127
53146
53149
53150
53151
53153
53183
53186
53187
53188
53189
54926
54929
54933
54940
54945
54946
54949
54950
54961
54962
54969
54975
54977
54981
54983
54990
54930
54943
54965
54966
54967
54970
54976
54982
54984
54901
54902
54903
54904
54906
54927
54934
54947
54952
54956
54957
54963
54964
54980
54985
54986
54404
54410
54412
54413
54415
54441
54449
54454
54457
54466
54469
54472
54475
54489
54494
54495
26214
26238
26250
26275
26334
26349
26405
26416
25401
25402
25403
25404
25405
25413
25419
25420
25421
25427
25428
25440
25009
25010
25013
25021
25024
25028
25049
25051
25053
25081
25093
25108
25114
25130
25142
25148
25149
25154
25165
25169
25181
25193
25203
25204
25205
25206
25208
25209
25529
26335
26601
26612
26615
26618
26619
26620
26621
26623
26624
26626
26627
26629
26631
26639
26641
26030
26032
26035
26037
26058
26070
26075
25504
25510
25537
25541
25545
25559
25701
25702
25703
25704
25705
25706
25707
25708
25710
25711
25712
25713
25714
25715
25716
25717
25718
25719
25720
25721
25722
25723
25724
25725
25726
25727
25728
25729
25755
25770
25771
25772
25773
25774
25775
25776
25777
25778
25779
25234
25235
25261
25268
25274
26136
26137
26147
26151
26633
25018
25019
25030
25043
25063
25088
25111
25113
25125
25133
25141
25150
25164
25211
25283
25285
26617
26328
26339
26411
26436
26456
25002
25014
25031
25036
25040
25057
25085
25090
25115
25118
25119
25120
25131
25136
25139
25152
25161
25173
25185
25186
25812
25814
25831
25833
25837
25840
25846
25854
25855
25859
25862
25864
25866
25867
25868
25874
25879
25880
25901
25904
25907
25910
25912
25914
25917
25931
25936
25938
25942
25976
25986
26674
26680
25258
25267
25280
26179
26342
26350
26351
26384
26409
26430
26439
26443
26611
26634
26636
26638
26707
26720
26731
26734
26739
26816
26833
26847
26855
24901
24902
24910
24916
24917
24925
24928
24931
24936
24938
24943
24950
24957
24958
24961
24966
24970
24977
24986
24991
25958
25961
25962
25967
25972
25981
25984
25431
25437
25444
26704
26711
26714
26722
26729
26755
26757
26761
26763
26765
26808
26817
26823
26824
26852
26865
26034
26047
26050
26056
26062
26801
26810
26812
26818
26836
26838
26845
26851
26301
26302
26306
26323
26330
26332
26344
26361
26366
26369
26375
26385
26386
26404
26408
26422
26426
26431
26438
26448
26451
26461
26462
26463
26568
25231
25239
25241
25244
25245
25248
25249
25252
25262
25264
25271
25272
25275
25279
26153
26164
26173
25410
25414
25423
25425
25429
25430
25432
25438
25441
25442
25443
25446
25003
25015
25025
25026
25034
25035
25039
25045
25052
25054
25061
25064
25067
25071
25075
25079
25083
25086
25102
25103
25105
25107
25110
25112
25122
25126
25132
25134
25143
25147
25156
25160
25162
25163
25177
25182
25201
25202
25214
25301
25302
25303
25304
25305
25306
25309
25311
25312
25313
25314
25315
25317
25320
25321
25322
25323
25324
25325
25326
25327
25328
25329
25330
25331
25332
25333
25334
25335
25336
25337
25338
25339
25350
25356
25357
25358
25360
25361
25362
25364
25365
25375
25387
25389
25392
25396
26321
26338
26343
26372
26376
26378
26412
26423
26446
26447
26452
25501
25506
25521
25523
25524
25540
25544
25546
25557
25563
25564
25565
25567
25568
25571
25572
25573
25022
25047
25076
25121
25183
25505
25508
25547
25601
25606
25607
25611
25612
25614
25617
25624
25625
25628
25630
25632
25634
25635
25636
25637
25638
25639
25643
25644
25645
25646
25647
25648
25649
25652
25653
25654
24801
24808
24810
24811
24813
24815
24816
24817
24819
24820
24821
24824
24825
24826
24828
24829
24830
24831
24832
24836
24841
24842
24843
24844
24846
24848
24850
24852
24853
24855
24856
24861
24862
24866
24868
24871
24872
24873
24877
24878
24879
24881
24883
24884
24886
24887
24888
24889
24892
24894
24895
24897
24899
26554
26555
26559
26560
26563
26566
26570
26571
26572
26574
26576
26578
26582
26585
26586
26587
26588
26591
26031
26033
26036
26038
26039
26040
26041
26055
25095
25106
25123
25187
25237
25247
25250
25253
25260
25265
25287
25502
25503
25515
25520
25550
24701
24710
24712
24714
24715
24724
24729
24731
24732
24733
24736
24737
24738
24739
24740
24747
24751
25820
25841
25922
25971
26710
26717
26719
26726
26743
26750
26753
26767
24851
25608
25621
25623
25650
25651
25661
25665
25666
25667
25670
25671
25672
25674
25676
25678
25682
25685
25686
25687
25688
25690
25691
25692
25693
25694
25696
25697
25631
26501
26502
26503
26504
26505
26506
26507
26508
26521
26522
26527
26529
26531
26533
26534
26541
26543
26544
26546
26589
26590
24918
24923
24941
24942
24945
24951
24963
24973
24974
24976
24980
24983
24984
24985
24993
25411
25422
25434
26360
25059
26202
26205
26207
26261
26610
26651
26656
26660
26662
26667
26671
26675
26676
26678
26679
26681
26683
26684
26690
26691
26003
26059
26060
26074
26802
26804
26806
26807
26811
26813
26814
26815
26866
26884
26886
26134
26170
24915
24920
24924
24927
24934
24944
24946
24954
26209
26264
26291
25620
26322
26374
26383
26410
26425
26444
26519
26520
26524
26525
26535
26537
26542
26547
26705
26713
26716
26764
26769
25011
25033
25070
25082
25109
25124
25158
25159
25168
25172
25213
25526
25560
25569
25004
25007
25008
25044
25048
25060
25062
25135
25140
25174
25180
25189
25801
25802
25813
25816
25817
25818
25823
25825
25827
25828
25832
25836
25839
25843
25844
25847
25849
25851
25853
25856
25857
25860
25865
25871
25873
25878
25902
25906
25908
25909
25911
25915
25918
25919
25920
25921
25926
25927
25932
25934
25989
26224
26230
26241
26253
26254
26257
26259
26263
26267
26268
26270
26273
26276
26278
26280
26282
26283
26285
26293
26294
26296
26145
26148
26161
26178
26325
26327
26337
26346
26362
26367
26407
26415
26421
25005
25046
25243
25246
25251
25256
25259
25266
25270
25276
25281
25286
24919
24935
24962
24981
25951
25965
25966
25969
25973
25977
25978
25979
25985
25988
26347
26354
26424
26435
26440
26260
26269
26271
26287
26289
26290
26292
26135
26146
26149
26175
26320
26434
26201
26210
26215
26218
26219
26228
26229
26234
26236
26237
25507
25511
25512
25514
25517
25519
25530
25534
25535
25555
25562
25570
25669
25699
25709
26203
26206
26208
26217
26222
26266
26288
26298
26299
26155
26159
26162
26167
26186
26348
26377
26419
26437
26561
26562
26575
26581
26138
26141
26143
26152
26160
25255
26101
26102
26103
26104
26105
26106
26120
26121
26133
26142
26150
26169
26180
26181
26184
26185
26187
24716
24719
24726
24818
24822
24823
24827
24834
24839
24845
24847
24849
24854
24857
24859
24860
24867
24869
24870
24874
24880
24882
24896
24898
25810
25811
25826
25845
25848
25870
25875
25876
25882
25913
25916
25928
25943
82051
82052
82055
82057
82058
82063
82070
82071
82072
82073
82083
82084
82410
82411
82412
82420
82421
82422
82426
82428
82431
82432
82434
82441
82716
82717
82718
82725
82727
82731
82732
82080
82301
82321
82323
82324
82325
82327
82329
82331
82332
82334
82335
82615
82224
82229
82631
82633
82637
82710
82711
82712
82713
82714
82720
82721
82724
82729
82310
82501
82510
82512
82513
82514
82515
82516
82520
82523
82524
82642
82649
82212
82217
82218
82219
82221
82223
82240
82243
82244
82427
82430
82443
82639
82640
82834
82840
82001
82002
82003
82005
82006
82007
82008
82009
82010
82050
82053
82054
82059
82060
82061
82081
82082
83101
83110
83111
83112
83114
83116
83118
83119
83120
83121
83122
83123
83124
83126
83127
83128
82601
82602
82604
82605
82609
82620
82630
82635
82636
82638
82643
82644
82646
82648
82220
82222
82225
82227
82228
82242
82190
82414
82423
82433
82435
82440
82450
82201
82210
82213
82214
82215
82801
82831
82832
82833
82835
82836
82837
82838
82839
82842
82844
82845
82922
82923
82925
82941
83113
83115
82322
82336
82901
82902
82926
82929
82932
82934
82935
82938
82942
82943
82945
83001
83002
83011
83012
83013
83014
83025
83414
82930
82931
82933
82936
82937
82939
82944
82401
82442
82701
82715
82723
82730
