62311
62313
62316
62318
62321
62329
62330
62334
62336
62341
62354
62358
62367
62373
62379
62380
62919
62931
62955
62982
61418
61425
61437
61454
61460
61469
61471
61480
61233
61234
61235
61238
61241
61254
61258
61262
61273
61274
61413
61419
61434
61443
61468
61490
60911
60912
60918
60922
60924
60926
60927
60928
60930
60931
60938
60939
60945
60948
60951
60953
60955
60956
60966
60967
60968
60970
60973
60974
62901
62902
62903
62907
62916
62924
62927
62932
62940
62942
62950
62958
62966
62971
62975
62994
62432
62448
62459
62475
62479
62480
62481
62810
62814
62816
62830
62846
62864
62866
62872
62883
62889
62894
62898
62012
62022
62028
62030
62031
62037
62052
62063
61001
61025
61028
61036
61041
61059
61075
61085
61087
62908
62909
62912
62923
62939
62943
62967
62972
62985
62991
62995
60109
60110
60118
60119
60120
60121
60122
60123
60124
60134
60136
60140
60144
60147
60151
60170
60174
60175
60177
60182
60183
60502
60505
60506
60507
60510
60511
60539
60542
60554
60568
60901
60902
60910
60913
60914
60915
60917
60935
60940
60941
60944
60950
60954
60958
60961
60964
60969
60512
60536
60537
60538
60541
60543
60545
60560
60650
61401
61402
61410
61414
61428
61430
61436
61439
61448
61458
61467
61472
61474
61485
61488
61489
61572
60002
60010
60011
60015
60020
60030
60031
60035
60037
60040
60041
60042
60044
60045
60046
60047
60048
60049
60060
60061
60063
60064
60069
60073
60075
60079
60083
60084
60085
60086
60087
60088
60089
60092
60096
60099
60470
60518
60531
60549
60551
60557
61301
61316
61321
61325
61332
61334
61341
61342
61348
61350
61354
61358
61360
61364
61370
61371
61372
61373
62415
62417
62439
62460
62466
60530
60553
61006
61021
61031
61042
61057
61058
61310
61318
61324
61331
61353
61367
61378
60420
60460
60920
60921
60929
60934
61311
61313
61319
61333
61739
61740
61741
61743
61764
61769
61775
61723
61751
62512
62518
62519
62541
62543
62548
62634
62635
62643
62656
62666
62671
61411
61416
61420
61422
61438
61440
61455
61470
61475
62326
62327
62374
60001
60012
60013
60014
60021
60033
60034
60039
60050
60051
60071
60072
60080
60081
60097
60098
60102
60142
60152
60156
60180
60296
61701
61702
61704
61705
61709
61710
61720
61722
61724
61725
61726
61728
61730
61731
61732
61736
61737
61744
61745
61748
61752
61753
61754
61758
61761
61770
61772
61774
61776
61790
61791
61799
61756
62501
62513
62514
62521
62522
62523
62524
62525
62526
62527
62532
62535
62537
62544
62549
62551
62552
62554
62573
62009
62014
62023
62033
62069
62079
62085
62088
62093
62511
62626
62630
62640
62649
62667
62672
62674
62683
62685
62686
62690
60297
62001
62002
62010
62018
62021
62024
62025
62026
62034
62035
62040
62046
62048
62058
62060
62061
62062
62067
62074
62084
62087
62090
62095
62097
62234
62249
62281
62294
62801
62807
62849
62853
62854
62870
62875
62881
62882
62892
62893
61369
61375
61377
61424
61537
61540
61541
61565
61570
61532
61546
61567
62617
62633
62644
62655
62664
62682
62910
62953
62960
62613
62642
62659
62673
62675
62676
62688
61231
61260
61263
61272
61276
61281
61412
61442
61465
61466
61476
61486
62236
62244
62248
62256
62279
62295
62298
62015
62017
62032
62049
62051
62056
62075
62076
62077
62089
62091
62094
62533
62538
62560
62572
62601
62628
62631
62638
62650
62651
62660
62665
62668
62692
62695
61914
61925
61928
61937
61951
60113
61007
61010
61015
61020
61030
61043
61047
61049
61052
61054
61061
61064
61068
61084
61091
61451
61517
61518
61523
61525
61526
61528
61529
61533
61536
61539
61547
61552
61562
61569
61601
61602
61603
61604
61605
61606
61607
61612
61613
61614
61615
61616
61625
61628
61629
61630
61632
61633
61634
61635
61636
61637
61638
61639
61640
61641
61643
61644
61650
61651
61652
61653
61654
61655
61656
62238
62274
62332
62832
62888
62997
61813
61818
61830
61839
61854
61855
61856
61884
61929
61936
62312
62314
62323
62340
62343
62345
62352
62355
62356
62357
62361
62362
62363
62366
62370
62372
62928
62938
62944
62947
62941
62956
62963
62964
62970
62973
62976
62992
62996
61326
61327
61335
61336
61340
61363
61560
62217
62233
62237
62241
62242
62259
62261
62272
62277
62278
62280
62286
62288
62292
62297
62419
62421
62425
62450
62452
62868
61201
61204
61206
61232
61236
61237
61239
61240
61242
61244
61256
61257
61259
61264
61265
61266
61275
61278
61279
61282
61284
61299
62059
62071
62201
62202
62203
62204
62205
62206
62207
62208
62220
62221
62222
62223
62224
62225
62226
62232
62239
62240
62243
62254
62255
62257
62258
62260
62264
62269
62282
62285
62289
62917
62930
62935
62946
62965
62977
62987
62515
62520
62530
62536
62539
62545
62558
62561
62563
62615
62625
62629
62661
62662
62670
62677
62684
62689
62693
62701
62702
62703
62704
62705
62706
62707
62708
62709
62711
62712
62713
62715
62716
62718
62719
62720
62721
62722
62723
62726
62736
62739
62746
62756
62757
62761
62762
62763
62764
62765
62766
62767
62769
62776
62777
62781
62786
62791
62794
62796
61452
62319
62344
62624
62639
62681
62610
62621
62663
62694
61957
62422
62431
62438
62444
62462
62463
62465
62534
62550
62553
62565
62571
62574
61421
61426
61449
61479
61483
61491
61559
61013
61018
61019
61027
61032
61039
61044
61048
61050
61060
61062
61067
61070
61076
61089
61534
61535
61550
61554
61555
61558
61564
61568
61571
61610
61611
61721
61733
61734
61747
61755
61759
62905
62906
62920
62926
62952
62961
62998
60932
60942
60960
60963
61810
61811
61812
61814
61817
61831
61832
61833
61834
61841
61844
61846
61848
61850
61857
61858
61865
61870
61876
61883
62410
62811
62852
62855
62863
61417
61423
61435
61447
61453
61462
61473
61478
62214
62263
62268
62271
62803
62808
62831
62848
62876
62877
62446
62809
62823
62837
62842
62843
62850
62851
62878
62886
62895
62820
62821
62827
62834
62835
62844
62845
62861
62862
62869
62887
61017
61037
61071
61081
61230
61243
61250
61251
61252
61261
61270
61277
61283
60401
60403
60404
60408
60410
60417
60421
60423
60428
60431
60432
60433
60434
60435
60436
60440
60441
60442
60446
60448
60449
60451
60468
60481
60484
60487
60490
60491
60503
60544
60564
60585
60586
62841
62915
62918
62921
62922
62933
62948
62949
62951
62959
62974
61016
61024
61063
61072
61073
61077
61079
61080
61088
61101
61102
61103
61104
61105
61106
61107
61108
61109
61110
61111
61112
61114
61115
61125
61126
61130
61131
61132
61516
61530
61545
61548
61561
61729
61738
61742
61760
61771
46711
46733
46740
46769
46772
46780
46782
46704
46741
46743
46745
46748
46765
46773
46774
46797
46798
46799
46801
46802
46803
46804
46805
46806
46807
46808
46809
46814
46815
46816
46818
46819
46825
46835
46845
46850
46851
46852
46853
46854
46855
46856
46857
46858
46859
46860
46861
46862
46863
46864
46865
46866
46867
46868
46869
46885
46895
46896
46897
46898
46899
46399
47201
47202
47203
47226
47232
47236
47244
47246
47247
47280
47917
47921
47942
47944
47970
47971
47976
47984
47986
47348
47359
46052
46071
46075
46077
46102
46147
46160
47435
47448
46913
46915
46916
46917
46920
46923
46929
46977
47997
46932
46942
46944
46947
46950
46961
46967
46978
46988
46994
46998
47104
47106
47111
47126
47129
47130
47131
47132
47133
47134
47141
47143
47144
47147
47162
47163
47172
47177
47190
47199
47833
47834
47837
47840
47841
47845
47846
47853
47857
47868
47881
46035
46039
46041
46046
46050
46057
46058
46065
46067
47116
47118
47123
47137
47140
47145
47174
47175
47501
47519
47529
47558
47562
47568
47001
47018
47022
47025
47032
47060
47222
47225
47240
47261
47263
47272
47283
46705
46706
46721
46730
46738
46785
46788
46793
47302
47303
47304
47305
47306
47307
47308
47320
47334
47338
47342
47367
47383
47396
47513
47521
47527
47532
47541
47542
47545
47546
47547
47549
47575
47580
46507
46514
46515
46516
46517
46526
46527
46528
46540
46543
46550
46553
46573
46133
47322
47331
47119
47122
47124
47146
47150
47151
47918
47932
47949
47952
47958
47969
47985
47987
47988
47003
47010
47012
47016
47024
47030
47035
47036
46910
46912
46922
46931
46935
46939
46945
46975
47639
47640
47647
47648
47649
47654
47660
47665
47666
47670
47671
47683
46928
46930
46933
46938
46952
46953
46957
46983
46986
46987
46989
46991
47424
47438
47439
47441
47443
47445
47449
47453
47457
47459
47465
47471
46030
46031
46032
46033
46034
46037
46038
46060
46061
46062
46069
46074
46082
46085
46262
46280
46290
46040
46055
46117
46129
46140
46154
46163
46186
46187
47107
47110
47112
47114
47115
47117
47135
47136
47142
47160
47161
47164
47166
46103
46112
46114
46118
46121
46122
46123
46149
46165
46167
46168
46180
46148
47337
47344
47351
47352
47356
47360
47361
47362
47366
47384
47385
47386
47387
47388
46901
46902
46903
46904
46936
46937
46965
46979
46995
46702
46713
46750
46770
46783
46792
47220
47228
47229
47235
47249
47260
47264
47274
47281
46310
46380
46392
47943
47977
47978
47326
47336
47369
47371
47373
47381
47224
47230
47231
47243
47250
47223
47227
47245
47262
47265
47270
47273
47282
46106
46124
46131
46142
46143
46162
46164
46181
46184
47512
47516
47524
47528
47530
47535
47557
47561
47573
47578
47587
47591
47596
47597
46502
46508
46510
46524
46538
46539
46542
46555
46562
46566
46567
46580
46581
46582
46590
46982
46565
46571
46746
46761
46771
46786
46789
46795
46303
46307
46308
46311
46312
46319
46320
46321
46322
46323
46324
46325
46327
46342
46355
46356
46373
46375
46376
46377
46394
46401
46402
46403
46404
46405
46406
46407
46408
46409
46410
46411
46340
46345
46346
46348
46350
46352
46360
46361
46365
46371
46382
46390
46391
47420
47421
47430
47436
47437
47446
47451
47462
47467
47470
46001
46011
46012
46013
46014
46015
46016
46017
46018
46036
46044
46048
46051
46056
46063
46064
46070
46107
46113
46183
46201
46202
46203
46204
46205
46206
46207
46208
46209
46211
46214
46216
46217
46218
46219
46220
46221
46222
46223
46224
46225
46226
46227
46228
46229
46230
46231
46234
46235
46236
46237
46239
46240
46241
46242
46244
46247
46249
46250
46251
46253
46254
46255
46256
46259
46260
46266
46268
46274
46275
46277
46278
46282
46283
46285
46291
46295
46296
46298
46501
46504
46506
46511
46513
46537
46563
46570
46572
47522
47553
47581
46911
46914
46919
46921
46925
46926
46951
46958
46959
46970
46971
46971
47401
47402
47403
47404
47405
47406
47407
47408
47426
47429
47434
47458
47463
47464
47468
47490
47916
47933
47934
47935
47936
47937
47938
47939
47940
47954
47955
47965
47967
47968
47989
47990
47994
46111
46125
46151
46157
46158
46166
46349
46372
46379
46381
47922
47948
47951
47963
47964
46701
46710
46720
46732
46755
46760
46763
46767
46784
46794
46796
47040
47432
47452
47454
47469
47427
47431
47433
47455
47456
47460
47830
47832
47836
47856
47859
47860
47862
47872
47874
47514
47515
47520
47525
47551
47555
47574
47576
47586
47564
47567
47584
47585
47590
47598
46301
46302
46304
46341
46347
46368
46383
46384
46385
46393
47612
47616
47620
47631
47633
47638
46960
46985
46996
47946
47957
46105
46120
46128
46135
46170
46171
46172
46175
47340
47354
47355
47358
47368
47380
47382
47390
47394
47006
47017
47021
47023
47031
47033
47034
47037
47039
47041
47042
46104
46115
46127
46146
46150
46155
46156
46173
46530
46536
46544
46545
46546
46552
46554
46556
46561
46574
46595
46601
46604
46612
46613
46614
46615
46616
46617
46619
46620
46624
46626
46628
46629
46634
46635
46637
46660
46680
46699
47102
47138
47170
46110
46126
46130
46144
46161
46176
46182
47234
47523
47531
47536
47537
47550
47552
47556
47577
47579
47588
47611
47615
47617
47634
47635
46366
46374
46531
46532
46534
46968
46703
46737
46742
46744
46747
46776
46779
47838
47848
47849
47850
47852
47855
47861
47864
47865
47879
47882
47011
47019
47020
47038
47043
47901
47902
47903
47904
47905
47906
47907
47909
47920
47924
47930
47941
47962
47981
47983
47992
47996
46045
46047
46049
46068
46072
46076
47325
47353
47618
47701
47702
47703
47704
47705
47706
47708
47710
47711
47712
47713
47714
47715
47716
47719
47720
47721
47722
47724
47725
47727
47728
47730
47731
47732
47733
47734
47735
47736
47737
47739
47740
47741
47744
47747
47750
47831
47842
47847
47854
47875
47884
47928
47966
47974
47801
47802
47803
47804
47805
47807
47808
47809
47811
47812
47813
47814
47851
47858
47863
47866
47869
47870
47871
47876
47877
47878
47880
47885
46940
46941
46943
46946
46962
46974
46980
46984
46990
46992
47975
47982
47991
47993
47601
47610
47613
47614
47619
47629
47630
47637
47108
47120
47125
47139
47165
47167
47324
47327
47330
47335
47339
47341
47345
47346
47357
47370
47374
47375
47392
47393
46714
46731
46759
46766
46777
46778
46781
46791
47923
47925
47926
47929
47950
47959
47960
47980
47995
46723
46725
46764
46787
66732
66742
66748
66749
66751
66755
66772
66015
66032
66033
66039
66091
66093
66002
66016
66023
66041
66058
66077
67057
67061
67065
67070
67071
67104
67138
67143
67511
67517
67525
67526
67530
67544
67562
67564
67567
66701
66716
66738
66741
66741
66754
66769
66779
66424
66425
66434
66435
66439
66515
66527
66532
66842
67002
67010
67012
67017
67039
67041
67042
67072
67074
67123
67132
67133
67144
67154
66843
66845
66850
66862
66869
67024
67334
67355
67360
67361
66713
66725
66728
66739
66770
66773
66778
66781
66782
67731
67755
67756
67831
67840
67865
67432
67447
67458
67468
67487
66901
66931
66938
66948
67414
67417
67445
67466
66839
66852
66856
66857
66871
67029
67127
67155
67005
67008
67019
67023
67038
67102
67131
67146
67156
66711
66712
66724
66734
66735
66743
66746
66753
66756
66760
66762
66763
66780
67635
67643
67653
67749
67410
67431
67441
67449
67451
67463
67469
67472
67480
67482
67492
66008
66017
66024
66035
66087
66090
66094
66006
66025
66044
66045
66046
66047
66049
66050
67519
67547
67552
67563
67345
67346
67349
67352
67353
67601
67627
67637
67660
67667
67671
67674
67676
67439
67450
67454
67459
67490
67846
67851
67856
67868
67801
67834
67842
67843
67858
67876
67882
66042
66067
66076
66078
66079
66080
66092
66095
66441
66442
66514
67736
67737
67738
67751
67752
67625
67642
67650
67659
67880
67835
67837
67841
67853
67867
67879
66853
66855
66860
66863
66870
67045
67047
67122
67137
67836
67857
67878
67003
67009
67018
67036
67049
67058
67150
67020
67056
67062
67114
67117
67135
67151
67870
67877
67849
67854
66416
66418
66419
66436
66440
66509
66516
66540
66552
66054
66060
66066
66070
66073
66088
66097
66429
66512
66936
66941
66942
66949
66956
66963
66970
66018
66019
66021
66030
66031
66051
66061
66062
66063
66083
66085
66201
66202
66203
66204
66205
66206
66207
66208
66209
66210
66211
66212
66213
66214
66215
66216
66217
66218
66219
66220
66221
66222
66223
66224
66225
66226
66227
66250
66251
66276
66279
66282
66283
66285
66286
67838
67860
67035
67068
67111
67112
67118
67128
67142
67159
67054
67059
67109
67330
67332
67336
67341
67342
67354
67356
67357
67839
67850
67874
66007
66020
66027
66043
66048
66052
66086
67418
67423
67455
67481
66010
66014
66040
66056
66072
66075
66767
67747
67748
67764
66801
66830
66833
66835
66854
66864
66865
66868
67107
67428
67443
67456
67460
67464
67476
67491
67546
66840
66851
66858
66859
66861
66866
67053
67063
67073
67438
67475
67483
66262
66403
66406
66411
66412
66427
66433
66438
66508
66518
66541
66544
66545
66548
66555
67844
67864
67869
66013
66026
66036
66053
66064
66071
67420
67429
67430
67446
67452
67478
67485
67301
67333
67335
67337
67340
67344
67347
67351
67363
67364
66838
66846
66849
66872
66873
67950
67953
67954
66404
66408
66415
66417
66428
66522
66534
66538
66550
66720
66733
66740
66771
66775
66776
67515
67516
67518
67521
67560
67572
67584
67622
67629
67636
67645
67652
67654
66413
66414
66451
66510
66523
66524
66528
66537
66543
67437
67473
67474
67623
67651
67422
67436
67467
67484
67488
67523
67529
67550
67574
67621
67639
67644
67646
67647
67661
67664
67670
66407
66422
66426
66432
66450
66520
66521
66535
66536
66547
66549
66551
67021
67028
67066
67124
67134
67569
67730
67739
67744
67745
67501
67502
67504
67505
67510
67514
67522
67543
67561
67566
67568
67570
67581
67583
67585
66930
66935
66939
66940
66959
66960
66961
66964
66966
67427
67444
67457
67512
67524
67554
67573
67579
66449
66502
66503
66505
66506
66517
66531
66554
67630
67632
67657
67663
67669
67675
67513
67520
67548
67553
67556
67559
67565
67575
67582
67626
67634
67640
67648
67649
67658
67665
67673
67401
67402
67416
67425
67442
67448
67465
67470
67479
67871
67001
67016
67025
67026
67030
67037
67050
67052
67055
67060
67067
67101
67108
67120
67147
67149
67201
67202
67203
67204
67205
67206
67207
67208
67209
67210
67211
67212
67213
67214
67215
67216
67217
67218
67219
67220
67221
67221
67223
67226
67227
67228
67230
67231
67232
67233
67235
67236
67251
67256
67257
67259
67260
67275
67276
67277
67278
67759
67859
67901
67905
66402
66409
66420
66533
66539
66542
66546
66601
66603
66604
66605
66606
66607
66608
66609
66610
66611
66612
66614
66615
66616
66617
66618
66619
66620
66621
66622
66624
66625
66626
66628
66629
66634
66636
66637
66638
66642
66647
66652
66653
66658
66667
66675
66683
66686
66692
66699
67740
67757
67733
67735
67741
66932
66951
66952
66967
67628
67638
67641
67545
67557
67576
67577
67578
67855
67862
67951
67952
67004
67013
67015
67022
67031
67032
67051
67103
67105
67106
67110
67119
67140
67152
67701
67732
67734
67743
67753
67631
67656
67672
66401
66423
66431
66501
66507
66526
66834
67758
67761
67762
66933
66937
66943
66944
66945
66946
66953
66955
66958
66962
66968
67861
67863
66710
66714
66717
66727
66736
66757
66759
66758
66761
66777
66783
66012
66101
66102
66103
66104
66105
66106
66109
66110
66111
66112
66113
66115
66117
66118
66119
66160
41728
42715
42720
42723
42728
42730
42735
42741
42742
42753
42761
42763
42120
42150
42153
42164
40342
42022
42024
42026
42056
42060
42087
42123
42127
42130
42131
42141
42142
42152
42156
42160
40358
40360
40366
40371
40374
40813
40845
40856
40902
40913
40940
40955
40958
40965
40977
40988
41005
41022
41042
41048
41080
41091
41092
41094
41901
40348
