16212
16215
16216
16218
16222
16223
16226
16228
16229
16236
16238
16244
16245
16249
16250
16253
16259
16261
16262
16263
15001
15003
15005
15009
15010
15027
15042
15043
15050
15052
15059
15061
15066
15074
15077
15081
16115
16123
16136
16141
15521
15522
15533
15534
15535
15537
15539
15545
15550
15554
15559
16614
16633
16650
16655
16659
16664
16667
16670
16672
16678
16679
16694
16695
17211
18056
19503
19504
19505
19506
19507
19508
19510
19511
19512
19516
19517
19518
19519
19522
19523
19526
19529
19530
19533
19534
19535
19536
19538
19539
19540
19541
19542
19543
19544
19545
19547
19548
19550
19551
19554
19555
19557
19559
19560
19562
19564
19565
19567
19601
19602
19603
19604
19605
19606
19607
19608
19609
19610
19611
19612
19640
16601
16602
16603
16617
16625
16631
16635
16637
16648
16662
16665
16673
16682
16684
16686
16693
16910
16914
16925
16926
16945
16947
17724
17735
17743
18810
18814
18815
18817
18829
18831
18832
18833
18837
18840
18845
18846
18848
18850
18851
18853
18854
18039
18077
18081
18901
18902
18910
18911
18912
18913
18914
18916
18917
18920
18921
18922
18923
18925
18926
18927
18928
18929
18930
18931
18932
18933
18934
18935
18938
18940
18942
18943
18944
18946
18947
18949
18950
18951
18953
18954
18955
18956
18960
18962
18963
18966
18968
18970
18972
18974
18976
18977
18980
18981
18991
19007
19020
19021
19030
19047
19048
19049
19053
19054
19055
19056
19057
19058
19059
19067
16001
16002
16003
16016
16017
16018
16020
16021
16022
16023
16024
16025
16027
16029
16030
16033
16034
16035
16037
16038
16039
16040
16041
16045
16046
16048
16050
16051
16052
16053
16055
16056
16057
16059
16061
16063
16066
15714
15714
15722
15737
15738
15760
15762
15773
15775
15901
15902
15904
15905
15906
15907
15909
15915
15921
15922
15925
15927
15930
15931
15934
15938
15940
15942
15943
15945
15946
15948
15951
15952
15955
15956
15958
15960
15961
15962
16613
16619
16624
16629
16630
16636
16639
16640
16641
16644
16646
16668
16675
16699
15832
15834
15861
18012
18030
18071
18210
18212
18216
18229
18230
18232
18235
18240
18244
18250
18254
18255
18624
16677
16801
16802
16803
16804
16805
16820
16823
16826
16827
16828
16829
16832
16835
16841
16844
16851
16852
16853
16854
16856
16859
16864
16865
16866
16868
16870
16872
16874
16875
16882
19301
19310
19311
19312
19316
19318
19320
19330
19333
19335
19341
19343
19344
19345
19346
19347
19348
19350
19351
19352
19353
19354
19355
19357
19358
19360
19362
19363
19365
19366
19367
19369
19370
19371
19372
19374
19375
19376
19380
19381
19382
19383
19388
19390
19395
19397
19398
19399
19421
19425
19432
19442
19457
19460
19465
19470
19475
19480
19481
19482
19487
19488
19489
19493
19494
19495
19496
19520
16028
16036
16054
16058
16213
16214
16220
16221
16224
16225
16230
16232
16233
16234
16235
16240
16242
16248
16254
16255
16257
16258
16260
16326
16331
16332
16334
16361
16375
15721
15753
15757
15801
15848
15849
15856
15866
16616
16620
16627
16645
16651
16656
16661
16663
16666
16671
16680
16681
16692
16698
16821
16825
16830
16833
16834
16836
16837
16838
16839
16840
16843
16845
16847
16849
16850
16855
16858
16860
16861
16863
16871
16873
16876
16878
16879
16881
16822
16848
17721
17726
17734
17738
17745
17747
17748
17750
17751
17760
17764
17767
17773
17778
17779
17814
17815
17820
17839
17846
17858
17859
17878
17888
17920
17927
18603
18631
16110
16111
16131
16314
16316
16327
16328
16335
16354
16360
16388
16403
16404
16406
16422
16424
16432
16433
16434
16435
16440
17001
17007
17008
17011
17012
17013
17025
17027
17043
17050
17055
17065
17070
17072
17081
17089
17091
17093
17218
17240
17241
17257
17266
17005
17018
17023
17028
17030
17032
17033
17034
17036
17048
17057
17061
17080
17097
17098
17101
17102
17103
17104
17105
17106
17107
17108
17109
17110
17111
17112
17113
17120
17121
17122
17123
17124
17125
17126
17127
17128
17129
17130
17140
17177
19003
19008
19010
19013
19014
19015
19016
19017
19018
19018
19022
19023
19026
19028
19029
19032
19033
19036
19037
19039
19041
19043
19050
19052
19060
19061
19063
19064
19065
19070
19073
19074
19076
19078
19079
19080
19081
19082
19083
19085
19086
19087
19088
19089
19091
19094
19098
19113
19317
19319
19331
19339
19340
19342
19373
15821
15822
15823
15827
15831
15841
15845
15846
15853
15857
15868
15870
16728
16734
16401
16407
16410
16411
16412
16413
16415
16417
16421
16423
16426
16427
16428
16430
16438
16441
16442
16443
16444
16475
16501
16502
16503
16504
16505
16506
16507
16508
16509
16510
16511
16512
16514
16515
16522
16530
16531
16532
16533
16534
16538
16541
16544
16546
16550
16553
16554
16558
16563
16565
15012
15401
15410
15413
15415
15416
15417
15420
15421
15422
15425
15428
15430
15431
15433
15435
15436
15437
15438
15439
15440
15442
15443
15444
15445
15446
15447
15449
15450
15451
15454
15455
15456
15458
15459
15460
15461
15462
15463
15464
15465
15466
15467
15468
15469
15470
15472
15473
15474
15475
15476
15478
15480
15482
15484
15486
15488
15489
15490
15492
15631
15828
16217
16239
16321
16322
16353
16370
17201
17202
17210
17214
17217
17219
17220
17221
17222
17224
17225
17231
17232
17235
17236
17237
17244
17246
17247
17250
17251
17252
17254
17256
17261
17262
17263
17265
17268
17270
17271
17272
17294
15536
16689
16691
17212
17215
17223
17228
17229
17233
17238
17267
15310
15315
15316
15320
15322
15325
15327
15334
15337
15338
15341
15344
15346
15349
15351
15352
15353
15354
15357
15359
15362
15364
15370
15380
16611
16621
16622
16623
16634
16638
16647
16652
16654
16657
16660
16669
16674
16683
16685
16877
17052
17060
17066
17213
17239
17243
17249
17253
17255
17260
17264
15681
15701
15705
15710
15712
15713
15716
15717
15720
15723
15724
15725
15727
15728
15729
15731
15732
15734
15739
15741
15742
15745
15746
15747
15748
15750
15751
15752
15754
15756
15758
15759
15761
15763
15765
15771
15772
15777
15783
15920
15929
15949
15957
16211
16246
16256
15711
15715
15730
15733
15740
15744
15764
15767
15770
15776
15778
15780
15781
15784
15824
15825
15829
15840
15847
15851
15860
15863
15864
15865
17014
17021
17035
17049
17056
17058
17059
17076
17082
17086
17094
18403
18407
18410
18411
18414
18416
18420
18433
18434
18440
18444
18447
18448
18452
18471
18501
18502
18503
18504
18505
18507
18508
18509
18510
18512
18514
18515
18517
18518
18519
18522
18540
18577
18653
17022
17501
17502
17503
17504
17505
17506
17507
17508
17509
17512
17516
17517
17518
17519
17520
17521
17522
17527
17528
17529
17532
17533
17534
17535
17536
17537
17538
17540
17543
17545
17547
17549
17550
17551
17552
17554
17555
17557
17560
17562
17563
17564
17565
17566
17567
17568
17569
17570
17572
17573
17575
17576
17577
17578
17579
17580
17581
17582
17583
17584
17585
17601
17602
17603
17604
17605
17606
17607
17608
17611
17622
17699
19501
16101
16102
16103
16105
16107
16108
16112
16116
16117
16120
16132
16140
16142
16143
16155
16156
16157
16160
16172
17003
17010
17016
17026
17038
17039
17041
17042
17046
17064
17067
17073
17077
17078
17083
17085
17087
17088
18011
18025
18031
18032
18034
18036
18037
18046
18049
18051
18052
18053
18059
18060
18062
18065
18066
18068
18069
18078
18079
18080
18087
18092
18098
18099
18101
18102
18103
18104
18105
18106
18109
18175
18195
18201
18202
18219
18221
18222
18223
18224
18225
18234
18239
18243
18246
18247
18249
18251
18256
18601
18602
18611
18612
18617
18618
18621
18622
18627
18634
18635
18637
18640
18641
18642
18643
18644
18651
18654
18655
18656
18660
18661
18690
18701
18702
18703
18704
18705
18706
18707
18708
18709
18710
18711
18761
18762
18763
18764
18765
18766
18767
18768
18769
18773
18774
17701
17702
17703
17705
17720
17722
17723
17727
17728
17737
17739
17740
17742
17744
17752
17754
17756
17759
17762
17763
17769
17771
17774
17776
16333
16701
16724
16725
16726
16727
16729
16730
16731
16732
16733
16735
16738
16740
16743
16744
16745
16749
16750
16751
16113
16114
16121
16124
16125
16127
16130
16133
16134
16137
16145
16146
16148
16150
16151
16153
16154
16159
16161
16311
17002
17004
17009
17029
17044
17051
17054
17063
17075
17084
17099
18058
18301
18320
18321
18322
18323
18325
18326
18327
18330
18331
18332
18333
18334
18335
18341
18342
18344
18346
18347
18348
18349
18350
18352
18353
18354
18355
18356
18357
18360
18370
18372
18466
18610
18041
18054
18070
18073
18074
18076
18084
18915
18918
18924
18936
18957
18958
18964
18969
18971
18979
19001
19002
19004
19006
19009
19012
19025
19027
19031
19034
19035
19038
19040
19044
19046
19066
19072
19075
19090
19095
19096
19126
19401
19403
19404
19405
19406
19407
19408
19409
19415
19420
19422
19423
19424
19426
19428
19429
19430
19435
19436
19437
19438
19440
19441
19443
19444
19446
19450
19451
19452
19453
19454
19455
19456
19462
19464
19468
19472
19473
19474
19477
19478
19483
19484
19485
19486
19490
19492
19525
17821
17822
17884
18001
18002
18003
18010
18013
18014
18015
18016
18017
18018
18020
18035
18038
18040
18042
18043
18044
18045
18050
18055
18063
18064
18067
18072
18083
18085
18086
18088
18091
18343
18351
17017
17730
17749
17772
17777
17801
17823
17824
17825
17828
17830
17832
17834
17836
17840
17847
17850
17851
17857
17860
17865
17866
17867
17868
17872
17877
17881
17939
17006
17015
17020
17024
17031
17037
17040
17045
17047
17053
17062
17068
17069
17071
17074
17090
19019
19092
19093
19099
19101
19102
19103
19104
19105
19106
19107
19108
19109
19110
19111
19112
19114
19115
19116
19117
19118
19119
19120
19121
19122
19123
19124
19125
19127
19128
19129
19130
19131
19132
19133
19134
19135
19136
19137
19138
19139
19140
19141
19142
19143
19144
19145
19146
19147
19148
19149
19150
19151
19152
19153
19154
19155
19160
19161
19162
19170
19171
19172
19173
19175
19176
19177
19178
19179
19181
19182
19183
19184
19185
19187
19188
19190
19191
19192
19193
19194
19195
19196
19197
19244
19255
18302
18324
18328
18336
18337
18340
18371
18373
18425
18426
18435
18451
18457
18458
18464
16720
16746
16748
16915
16922
16923
16927
16937
16941
16948
17729
17901
17921
17922
17923
17925
17929
17930
17931
17932
17933
17934
17935
17936
17938
17941
17942
17943
17944
17945
17946
17948
17949
17951
17952
17953
17954
17957
17959
17960
17961
17963
17964
17965
17966
17967
17968
17970
17972
17974
17976
17978
17979
17980
17981
17982
17983
17985
18211
18214
18218
18220
18231
18237
18241
18242
18245
18248
18252
19549
17812
17813
17827
17831
17833
17841
17842
17843
17853
17861
17862
17864
17870
17876
17882
15411
15424
15485
15501
15502
15510
15520
15530
15531
15532
15538
15540
15541
15542
15544
15546
15547
15548
15549
15551
15552
15553
15555
15557
15558
15560
15561
15562
15563
15564
15565
15924
15926
15928
15935
15936
15937
15953
15959
15963
17731
17758
17768
17770
18614
18616
18619
18626
18628
18632
18413
18421
18430
18441
18465
18470
18801
18812
18813
18816
18818
18820
18821
18822
18823
18824
18825
18826
18827
18828
18830
18834
18839
18842
18843
18844
18847
16901
16911
16912
16917
16918
16920
16921
16928
16929
16930
16932
16933
16935
16936
16938
16939
16940
16942
16943
16946
16950
17765
17810
17829
17835
17837
17844
17845
17855
17856
17880
17883
17885
17886
17887
17889
16301
16317
16319
16323
16341
16342
16343
16344
16346
16362
16364
16372
16373
16374
16312
16313
16329
16340
16345
16347
16350
16351
16352
16365
16366
16367
16368
16369
16371
16402
16405
16416
16420
16436
15004
15019
15021
15022
15029
15033
15036
15038
15053
15054
15055
15057
15060
15063
15067
15078
15301
15311
15312
15313
15314
15317
15321
15323
15324
15329
15330
15331
15332
15333
15336
15339
15340
15342
15345
15347
15348
15350
15356
15358
15360
15361
15363
15365
15366
15367
15368
15376
15377
15378
15379
15412
15419
15423
15427
15429
15432
15434
15477
15483
18401
18405
18415
18417
18424
18427
18428
18431
18436
18437
18438
18439
18443
18445
18449
18453
18454
18455
18456
18459
18460
18461
18462
18463
18469
18472
18473
15062
15068
15069
15072
15083
15085
15087
15089
15448
15479
15601
15605
15606
15610
15611
15612
15613
15615
15616
15617
15618
15619
15620
15621
15622
15623
15624
15625
15626
15627
15628
15629
15632
15633
15634
15635
15636
15637
15638
15639
15640
15641
15642
15644
15646
15647
15650
15655
15658
15660
15661
15662
15663
15664
15665
15666
15668
15670
15671
15672
15674
15675
15676
15677
15678
15679
15680
15683
15684
15685
15687
15688
15689
15690
15691
15692
15693
15695
15696
15697
15698
15779
15923
15944
15954
18419
18446
18615
18623
18625
18629
18630
18636
18657
17019
17302
17309
17311
17312
17313
17314
17315
17317
17318
17319
17321
17322
17323
17327
17329
17331
17332
17333
17334
17339
17342
17345
17346
17347
17349
17352
17354
17355
17356
17358
17360
17361
17362
17363
17364
17365
17366
17368
17370
17371
17401
17402
17403
17404
17405
17406
17407
17408
17415
96940
2806
2809
2872
2885
2816
2817
2818
2827
2886
2887
2888
2889
2893
2801
2835
2837
2840
2841
2842
2871
2878
2802
2814
2815
2823
2824
2825
2826
2828
2829
2830
2831
2838
2839
2857
2858
2859
2860
2861
2862
2863
2864
2865
2876
2895
2896
2901
2902
2903
2904
2905
2906
2907
2908
2909
2910
2911
2912
2914
2915
2916
2917
2918
2919
2920
2921
2940
2804
2807
2808
2812
2813
2822
2832
2833
2836
2852
2854
2873
2874
2875
2877
2879
2880
2881
2882
2883
2891
2892
2894
2898
29620
29628
29638
29639
29659
29124
29137
29164
29801
29802
29803
29804
29805
29808
29809
29814
29816
29822
29828
29829
29831
29834
29839
29841
29842
29850
29851
29856
29860
29861
29810
29827
29836
29846
29849
29621
29622
29623
29624
29625
29626
29627
29654
29655
29656
29669
29670
29677
29684
29689
29697
29003
29042
29081
29843
29812
29813
29817
29826
29853
29901
29902
29903
29904
29905
29906
29907
29910
29914
29915
29920
29925
29926
29928
29931
29935
29938
29940
29941
29410
29430
29431
29434
29436
29445
29450
29453
29456
29461
29468
29469
29476
29479
29492
29030
29077
29135
29401
29402
29403
29404
29405
29406
29407
29408
29409
29411
29412
29413
29414
29415
29416
29417
29418
29419
29422
29423
29424
29425
29426
29429
29439
29449
29451
29455
29457
29458
29464
29465
29466
29470
29482
29487
29340
29341
29342
29702
29719
29014
29055
29706
29712
29714
29724
29729
29101
29520
29584
29709
29718
29727
29728
29741
29001
29041
29051
29102
29111
29131
29143
29148
29162
29082
29433
29435
29438
29446
29452
29474
29475
29481
29488
29493
29929
29069
29079
29532
29540
29550
29551
29593
29595
29536
29542
29543
29547
29563
29565
29567
29573
29420
29437
29447
29448
29471
29472
29477
29483
29484
29485
29824
29832
29847
29015
29065
29106
29130
29132
29176
29180
29114
29161
29501
29502
29503
29504
29505
29506
29530
29541
29555
29560
29583
29591
29440
29442
29510
29576
29585
29601
29602
29603
29604
29605
29606
29607
29608
29609
29610
29611
29612
29613
29614
29615
29616
29617
29635
29636
29644
29650
29651
29652
29661
29662
29673
29680
29681
29683
29687
29688
29690
29646
29647
29648
29649
29653
29666
29692
29695
29819
29848
29911
29913
29916
29918
29921
29922
29923
29924
29932
29933
29939
29944
29945
29511
29526
29527
29528
29544
29545
29566
29568
29569
29572
29575
29577
29578
29579
29581
29582
29587
29588
29597
29598
29909
29912
29927
29934
29936
29943
29009
29020
29021
29032
29045
29074
29078
29175
29058
29067
29707
29720
29721
29722
29744
29325
29332
29351
29360
29370
29384
29645
29010
29046
29080
29006
29033
29036
29053
29054
29070
29071
29072
29073
29123
29160
29169
29170
29171
29172
29212
29228
29821
29835
29838
29840
29844
29845
29899
29519
29546
29571
29574
29589
29592
29512
29516
29525
29570
29594
29596
29037
29075
29108
29122
29126
29127
29145
29178
29355
29643
29658
29664
29665
29672
29675
29676
29678
29679
29686
29691
29693
29696
29018
29038
29039
29047
29048
29059
29076
29107
29112
29113
29115
29116
29117
29118
29133
29142
29146
29163
29432
29630
29631
29632
29633
29634
29640
29641
29642
29657
29667
29671
29682
29685
29002
29016
29044
29052
29061
29063
29147
29177
29201
29202
29203
29204
29205
29206
29207
29208
29209
29210
29211
29214
29215
29216
29217
29218
29219
29220
29221
29222
29223
29224
29225
29226
29227
29229
29230
29240
29250
29260
29290
29292
29105
29129
29138
29166
29183
29301
29302
29303
29304
29305
29306
29307
29316
29318
29319
29320
29322
29323
29324
29329
29330
29331
29333
29334
29335
29336
29338
29346
29348
29349
29356
29365
29368
29369
29372
29373
29374
29375
29376
29377
29378
29385
29386
29388
29390
29391
29698
29017
29040
29062
29104
29125
29128
29150
29151
29152
29153
29154
29168
29031
29321
29353
29364
29379
29395
29056
29518
29554
29556
29564
29580
29590
29703
29704
29708
29710
29715
29716
29717
29726
29730
29731
29732
29733
29734
29742
29743
29745
57368
57375
57383
57324
57348
57350
57379
57381
57384
57386
57399
57551
57574
57714
57059
57062
57063
57066
57315
57002
57006
57007
57026
57061
57071
57220
57276
57401
57402
57426
57427
57432
57433
57439
57441
57445
57446
57449
57474
57479
57481
57325
57326
57355
57370
57339
57341
57717
57742
57760
57762
57788
57632
57646
57648
57329
57342
57356
57357
57361
57367
57369
57380
57217
57225
57229
57236
57258
57271
57278
57322
57010
57037
57044
57069
57073
57201
57202
57235
57243
57245
57263
57272
57621
57634
57639
57641
57642
57643
57645
57657
57658
57659
57660
57722
57730
57738
57744
57773
57301
57334
57363
57219
57239
57261
57273
57274
57422
57468
57213
57218
57226
57237
57238
57268
57625
57628
57630
57633
57636
57647
57652
57656
57661
57313
57328
57330
57344
57364
57428
57448
57451
57462
57471
57735
57747
57763
57766
57774
57782
57435
57438
57466
57467
57470
57473
57483
57216
57246
57251
57252
57253
57259
57264
57265
57269
57317
57335
57523
57529
57533
57538
57571
57552
57553
57567
57221
57223
57234
57241
57242
57248
57362
57371
57373
57311
57332
57340
57650
57651
57720
57724
57755
57776
57501
57522
57536
57029
