40357
40361
40362
41101
41102
41105
41114
41129
41168
40422
40423
40440
40452
40464
40468
41002
41004
41043
41044
41061
41307
41310
41317
41339
41340
41346
41348
41357
41363
41366
41369
41370
41377
41385
41390
40106
40111
40114
40115
40140
40143
40144
40145
40146
40152
40153
40164
40170
40171
40176
40178
40047
40109
40110
40129
40150
40165
41009
42201
42209
42219
42251
42252
42261
42267
42268
42273
42287
42288
42411
42445
42020
42036
42046
42049
42054
42071
42076
41001
41007
41059
41071
41072
41073
41074
41075
41076
41085
41099
42021
42023
42035
42070
41008
41045
41083
41098
41128
41132
41142
41143
41146
41150
41164
41173
41181
42516
42528
42539
42541
42565
42566
42217
42221
42223
42232
42236
42240
42241
42254
42262
42266
40320
40391
40392
40914
40917
40931
40932
40941
40944
40951
40962
40972
40978
40983
42601
42602
42603
42033
42037
42064
42084
42711
42714
42717
42731
42752
42759
42768
42786
42301
42302
42303
42304
42334
42355
42356
42366
42373
42375
42376
42377
42378
42163
42207
42210
42257
42259
42275
42284
42285
41149
41171
41177
41211
40336
40415
40471
40472
40495
40501
40502
40503
40504
40505
40506
40507
40508
40509
40510
40511
40512
40513
40514
40515
40516
40517
40522
40523
40524
40526
40533
40536
40544
40546
40550
40555
40574
40575
40576
40577
40578
40579
40580
40581
40582
40583
40584
40585
40586
40587
40588
40589
40590
40591
40592
40593
40594
40595
40596
40598
41037
41039
41041
41049
41065
41081
41093
41601
41602
41603
41604
41605
41606
41607
41612
41614
41615
41616
41619
41621
41622
41626
41627
41629
41630
41631
41633
41635
41636
41637
41639
41640
41641
41642
41643
41645
41647
41649
41650
41651
41653
41655
41659
41660
41663
41666
41667
41668
41669
41765
40601
40602
40603
40604
40618
40619
40620
40621
40622
42041
42050
41046
41086
41095
40410
40444
40446
40461
41010
41030
41035
41052
41054
41097
42027
42039
42040
42051
42061
42063
42066
42069
42079
42082
42085
42088
40119
42712
42721
42726
42754
42755
42762
42779
42780
42743
42782
41121
41139
41144
41156
41163
41169
41174
41175
41183
42348
42351
42364
42368
40121
40159
40160
40162
40175
40177
42701
42702
42724
42732
42740
42776
42781
42783
42784
42785
42788
40801
40806
40807
40808
40810
40815
40818
40819
40820
40823
40824
40825
40828
40829
40830
40831
40843
40846
40847
40849
40854
40855
40863
40865
40867
40870
40873
40927
40964
41003
41031
42713
42722
42729
42746
42749
42765
42772
42402
42406
42419
42420
42451
42452
42457
42458
40007
40011
40019
40036
40050
40055
40057
40058
40068
40070
40075
42031
42032
42408
42410
42413
42431
42436
42440
42441
42442
42453
42464
40402
40421
40434
40435
40441
40447
40467
40481
40486
40488
40494
40936
42250
40018
40023
40025
40027
40041
40059
40118
40201
40202
40203
40204
40205
40206
40207
40208
40209
40210
40211
40212
40213
40214
40215
40216
40217
40218
40219
40220
40221
40222
40223
40224
40225
40228
40229
40231
40232
40233
40241
40242
40243
40245
40250
40251
40252
40253
40255
40256
40257
40258
40259
40261
40266
40268
40269
40270
40272
40280
40281
40282
40283
40285
40287
40289
40290
40291
40292
40293
40294
40295
40296
40297
40298
40299
40339
40340
40356
40390
41204
41215
41216
41219
41220
41222
41226
41228
41234
41237
41238
41240
41254
41255
41256
41257
41258
41260
41263
41265
41266
41268
41269
41271
41274
41011
41012
41014
41015
41016
41017
41018
41019
41051
41053
41063
42155
41321
41725
41740
41743
41759
41772
41801
41805
41817
41822
41823
41828
41831
41834
41836
41839
41843
41844
41847
41859
41861
41862
40734
40771
40903
40906
40911
40915
40921
40923
40930
40935
40939
40943
40946
40949
40953
40970
40982
40995
40997
40999
42716
42748
42757
42764
42766
40341
40724
40729
40737
40740
40741
40742
40743
40744
40745
40746
40747
40748
40751
40755
41124
41159
41160
41180
41201
41230
41232
41264
40420
41311
41323
41333
41347
41358
41362
41368
41378
41397
40803
40816
40827
40840
40844
40858
40868
40874
40979
41714
41730
41732
41749
41762
41764
41766
41775
41776
41777
40826
40861
40862
41517
41537
41804
41810
41811
41812
41815
41819
41821
41824
41825
41826
41829
41832
41833
41835
41837
41838
41840
41845
41848
41849
41855
41858
41127
41131
41135
41137
41141
41166
41170
41179
41189
40419
40437
40442
40448
40484
40489
42028
42045
42047
42058
42059
42078
42081
42083
42202
42206
42256
42263
42265
42276
42283
42038
42055
42001
42002
42003
42053
42086
42563
42607
42631
42634
42635
42638
42643
42647
42648
42649
42653
42322
42327
42350
42352
42371
42372
40385
40403
40404
40405
40430
40475
40476
40465
41409
41410
41419
41422
41426
41427
41433
41441
41443
41444
41456
41464
41465
41466
41467
41565
41632
41902
41903
41904
41905
41906
40009
40033
40037
40049
40060
40062
40063
40328
42025
42029
42044
42048
41203
41214
41224
41225
41231
41250
41261
41262
41267
41034
41055
41056
41062
41096
40104
40108
40117
40142
40155
40157
40161
40316
40322
40345
40346
40387
40310
40330
40372
42124
42129
42154
42166
42169
42214
42133
42140
42151
42157
42167
40334
40337
40353
41125
41352
41407
41408
41412
41413
41417
41421
41425
41447
41451
41452
41457
41459
41472
41474
41477
42321
42323
42324
42325
42326
42330
42332
42337
42339
42344
42345
42365
42367
42374
40004
40008
40012
40013
40020
40028
40048
40051
40052
40107
40311
40350
42320
42328
42333
42338
42343
42347
42349
42354
42358
42361
42369
42370
40010
40014
40026
40031
40032
40056
40077
40327
40355
40359
40363
41314
41331
41338
41344
41351
41364
41386
41006
41033
41040
40981
41367
41701
41702
41710
41712
41713
41719
41720
41721
41722
41723
41727
41729
41731
41733
41735
41736
41739
41745
41746
41747
41751
41754
41756
41760
41763
41771
41773
41774
41778
41406
41501
41502
41503
41512
41513
41514
41519
41520
41522
41524
41526
41527
41528
41529
41531
41534
41535
41536
41538
41539
41540
41542
41543
41544
41545
41546
41547
41548
41549
41550
41551
41553
41554
41555
41557
41558
41559
41560
41561
41562
41563
41564
41566
41567
41568
41569
41570
41571
41572
40309
40312
40376
40380
40426
42501
42502
42503
42518
42519
42532
42533
42536
42544
42553
42554
42558
42564
42567
42618
41064
40409
40417
40445
40456
40460
40473
40492
40313
40317
40319
40329
40351
42629
42642
40324
40370
40379
40003
40022
40065
40066
40067
40076
42134
42135
40017
40046
40071
42718
42719
42733
42736
42758
42203
42204
42216
42220
42234
42280
42286
42211
42215
42555
40006
40045
42437
42459
42460
42461
42462
42101
42102
42103
42104
42122
42128
42159
42170
42171
42235
42270
42274
40040
40061
40069
40078
42611
42613
42632
42633
42640
42655
42403
42404
42409
42444
42450
42455
42456
42463
40701
40702
40730
40754
40759
40763
40769
40365
41301
41306
41313
41315
41327
41328
41332
41342
41343
41360
41365
41396
40347
40383
40384
40386
70516
70525
70526
70527
70531
70534
70537
70543
70556
70559
70578
70638
70644
70648
70651
70654
70655
70658
71463
70346
70376
70707
70718
70725
70728
70734
70737
70738
70769
70774
70778
70339
70341
70372
70390
70391
70393
71318
71320
71322
71323
71327
71329
71331
71333
71339
71341
71350
71351
71355
71362
71369
71372
70634
70637
70652
70653
70657
70660
70662
71001
71008
71016
71028
71045
71068
71070
71080
71006
71037
71051
71064
71067
71110
71111
71112
71113
71171
71172
71004
71007
71009
71029
71033
71043
71044
71047
71059
71060
71061
71069
71082
71101
71102
71103
71104
71105
71106
71107
71108
71109
71115
71118
71119
71120
71129
71130
71133
71134
71135
71136
71137
71138
71148
71149
71150
71151
71152
71153
71154
71156
71161
71162
71163
71164
71165
71166
70601
70602
70605
70606
70607
70609
70611
70612
70615
70616
70629
70630
70633
70646
70647
70661
70663
70664
70665
70668
70669
71415
71418
71435
71436
71441
70631
70632
70643
70645
71340
71343
71363
71368
71401
71425
71003
71038
71040
71048
71079
71316
71326
71334
71344
71354
71373
71377
71027
71030
71032
71046
71049
71050
71052
71063
71078
70704
70714
70739
70770
70791
70801
70802
70803
70804
70805
70806
70807
70808
70809
70810
70811
70812
70813
70814
70815
70816
70817
70818
70819
70820
70821
70822
70823
70825
70826
70827
70831
70833
70835
70836
70837
70873
70874
70879
70883
70884
70891
70892
70893
70894
70895
70896
70898
71254
71276
71286
70722
70730
70748
70761
70777
70789
70515
70524
70554
70576
70580
70585
70586
71367
71219
71230
71239
71243
71249
71295
71324
71336
71378
71407
71417
71423
71432
71454
71467
71481
70513
70544
70552
70560
70562
70563
70569
70716
70721
70740
70757
70764
70765
70772
70776
70780
70788
71226
71238
71247
71251
71268
70001
70002
70003
70004
70005
70006
70009
70010
70011
70033
70036
70053
70054
70055
70056
70058
70059
70060
70062
70063
70064
70065
70067
70072
70073
70094
70096
70097
70121
70123
70141
70181
70183
70358
70532
70546
70549
70581
70591
70640
70650
70501
70502
70503
70504
70505
70506
70507
70508
70509
70518
70520
70529
70558
70583
70592
70593
70595
70596
70598
70301
70302
70310
70345
70354
70355
70357
70371
70373
70374
70375
70394
71342
71371
71465
71479
71480
71227
71235
71245
71270
71272
71273
71275
70449
70462
70706
70711
70726
70727
70733
70744
70754
70785
70786
71233
71282
71284
71220
71221
71223
71229
71250
71261
71264
71002
71031
71066
71411
71414
71416
71428
71434
71445
71450
71451
71452
71455
71456
71457
71458
71468
71469
71497
70112
70113
70114
70115
70116
70117
70118
70119
70122
70124
70125
70126
70127
70128
70129
70130
70131
70139
70140
70142
70143
70145
70146
70148
70149
70150
70151
70152
70153
70154
70156
70157
70158
70159
70160
70161
70162
70163
70164
70165
70166
70167
70170
70172
70174
70175
70176
70177
70178
70179
70182
70184
70185
70186
70187
70189
70190
70195
71201
71202
71203
71207
71208
71209
71210
71211
71212
71213
71217
71225
71240
71280
71281
71291
71292
71294
70037
70038
70040
70041
70042
70046
70050
70081
70082
70083
70091
70093
70715
70717
70732
70736
70747
70749
70751
70752
70753
70755
70756
70759
70760
70762
70773
70781
70783
71301
71302
71303
71306
71307
71309
71315
71325
71328
71330
71346
71348
71359
71360
71361
71365
71405
71409
71424
71427
71430
71431
71433
71438
71447
71448
71466
71472
71477
71485
71014
71019
71025
71034
71036
71218
71232
71259
71269
71279
71065
71406
71412
71419
71426
71429
71449
71460
71462
71486
70032
70043
70044
70075
70085
70092
70030
70031
70039
70047
70057
70066
70070
70078
70079
70080
70087
70441
70453
70052
70071
70086
70090
70723
70743
70763
70792
70049
70051
70068
70069
70076
70084
70512
70535
70541
70550
70551
70570
70571
70577
70584
70589
70750
71345
71353
71356
71358
70517
70519
70521
70582
70340
70342
70380
70381
70392
70514
70522
70523
70538
70540
70420
70431
70433
70434
70435
70437
70445
70447
70448
70452
70457
70458
70459
70460
70461
70463
70464
70469
70470
70471
70401
70402
70403
70404
70421
70422
70436
70442
70443
70444
70446
70451
70454
70455
70456
70465
70466
71357
71366
71375
70343
70344
70352
70353
70356
70359
70360
70361
70363
70364
70377
70395
70397
71222
71234
71241
71256
71260
71277
71421
70510
70511
70528
70533
70542
70548
70555
70575
70639
70642
70656
70659
71403
71439
71443
71444
71446
71459
71461
71474
71475
71496
70426
70427
70429
70438
70450
70467
71018
71021
71023
71024
71039
71055
71058
71071
71072
71073
71075
70710
70719
70720
70729
70767
71237
71242
71253
71263
71266
70712
70775
70782
70784
70787
71404
71410
71422
71440
71471
71473
71483
2532
2534
2536
2537
2540
2541
2542
2543
2553
2556
2559
2561
2562
2563
2565
2574
2601
2630
2631
2632
2633
2634
2635
2636
2637
2638
2639
2641
2642
2643
2644
2645
2646
2647
2648
2649
2650
2651
2652
2653
2655
2657
2659
2660
2661
2662
2663
2664
2666
2667
2668
2669
2670
2671
2672
2673
2675
1029
1201
1202
1203
1220
1222
1223
1224
1225
1226
1227
1229
1230
1235
1236
1237
1238
1240
1242
1244
1245
1247
1252
1253
1254
1255
1256
1257
1258
1259
1260
1262
1263
1264
1266
1267
1270
1343
2031
2048
2334
2356
2357
2375
2702
2703
2712
2714
2715
2717
2718
2719
2720
2721
2722
2723
2724
2725
2726
2740
2741
2742
2743
2744
2745
2746
2747
2748
2754
2760
2761
2763
2764
2766
2767
2768
2769
2771
2777
2779
2780
2783
2790
2791
2535
2539
2552
2557
2568
2573
2575
2713
1810
1812
1830
1831
1832
1833
1834
1835
1840
1841
1842
1843
1844
1845
1860
1885
1899
1901
1902
1903
1904
1905
1906
1907
1908
1910
1913
1915
1921
1922
1923
1929
1930
1931
1936
1937
1938
1940
1944
1945
1947
1949
1950
1951
1952
1960
1961
1964
1965
1966
1969
1970
1971
1982
1983
1984
1985
5501
5544
1054
1072
1093
1301
1302
1330
1337
1338
1339
1340
1341
1342
1344
1346
1347
1349
1350
1351
1354
1355
1360
1364
1367
1369
1370
1373
1375
1376
1378
1379
1380
1001
1008
1009
1010
1011
1013
1014
1020
1021
1022
1028
1030
1034
1036
1040
1041
1056
1057
1069
1071
1077
1079
1080
1081
1085
1086
1089
1090
1095
1097
1101
1102
1103
1104
1105
1106
1107
1108
1109
1111
1114
1115
1116
1118
1119
1128
1129
1133
1138
1139
1144
1151
1152
1195
1199
1521
1539
1002
1003
1004
1007
1012
1026
1027
1032
1033
1035
1038
1039
1050
1053
1059
1060
1061
1062
1063
1066
1070
1073
1075
1082
1084
1088
1096
1098
1243
1431
1432
1450
1460
1463
1464
1466
1469
1470
1471
1472
1474
1701
1702
1703
1704
1705
1718
1719
1720
1721
1730
1731
1741
1742
1746
1748
1749
1752
1754
1760
1770
1773
1775
1776
1778
1784
1801
1803
1805
1806
1807
1808
1813
1814
1815
1821
1822
1824
1826
1827
1850
1851
1852
1853
1854
1862
1863
1864
1865
1866
1867
1876
1879
1880
1886
1887
1888
1889
1890
2138
2139
2140
2141
2142
2143
2144
2145
2148
2149
2153
2154
2155
2156
2158
2159
2160
2161
2162
2164
2165
2166
2167
2168
2172
2173
2174
2175
2176
2177
2178
2179
2180
2193
2195
2212
2238
2239
2254
2258
2272
2277
2420
2421
2451
2452
2453
2454
2455
2456
2458
2459
2460
2461
2462
2464
2465
2466
2467
2468
2471
2472
2474
2475
2476
2477
2478
2479
2493
2495
2554
2564
2584
2019
2021
2025
2026
2027
2030
2032
2035
2038
2052
2053
2054
2056
2062
2067
2070
2071
2072
2081
2090
2093
2146
2147
2157
2169
2170
2171
2181
2184
2185
2186
2187
2188
2189
2190
2191
2192
2194
2269
2322
2343
2363
2368
2445
2446
2447
2457
2481
2482
2492
2494
2762
2018
2020
2040
2041
2043
2044
2045
2047
2050
2051
2055
2059
2060
2061
2065
2066
2301
2302
2303
2304
2305
2324
2325
2327
2330
2331
2332
2333
2337
2338
2339
2340
2341
2344
2345
2346
2347
2348
2349
2350
2351
2355
2358
2359
2360
2361
2362
2364
2366
2367
2370
2379
2381
2382
2401
2402
2403
2404
2405
2411
2499
2538
2558
2571
2576
2738
2739
2770
2101
2102
2103
2104
2105
2106
2107
2108
2109
2110
2111
2112
2113
2114
2115
2116
2117
2118
2119
2120
2121
2122
2123
2124
2125
2126
2127
2128
2129
2130
2131
2132
2133
2134
2135
2136
2137
2150
2151
2152
2163
2196
2199
2201
2202
2203
2204
2205
2206
2207
2208
2209
2210
2211
2215
2216
2217
2222
2228
2241
2266
2283
2284
2293
2295
2297
2298
1005
1031
1037
1068
1074
1083
1092
1094
1331
1366
1368
1420
1430
1433
1434
1436
1438
1440
1441
1451
1452
1453
1462
1467
1468
1473
1475
1477
1501
1503
1504
1505
1506
1507
1508
1509
1510
1515
1516
1517
1518
1519
1520
1522
1523
1524
1525
1526
1527
1529
1531
1532
1534
1535
1536
1537
1538
1540
1541
1542
1543
1545
1546
1550
1560
1561
1562
1564
1566
1568
1569
1570
1571
1580
1581
1582
1583
1585
1586
1587
1588
1590
1601
1602
1603
1604
1605
1606
1607
1608
1609
1610
1611
1612
1613
1614
1615
1653
1654
1655
1740
1745
1747
1756
1757
1772
21501
21502
21503
21504
21505
21521
21524
21528
21529
21530
21532
21539
21540
21542
21543
21545
21546
21555
21556
21557
21560
21562
21766
20711
20724
20733
20751
20755
20758
20764
20765
20776
20778
20779
21012
21032
21035
21037
21054
21056
21060
21061
21062
21076
21077
21090
21098
21106
21108
21113
21114
21122
21123
21140
21144
21146
21225
21226
21240
21401
21402
21403
21404
21405
21409
21411
21412
21013
21020
21021
21022
21023
21027
21030
21031
21051
21052
21053
21055
21057
21065
21071
21082
21087
21092
21093
21094
21105
21111
21117
21120
21128
21131
21133
21136
21139
21152
21153
21155
21156
21162
21163
21204
21207
21208
21219
21220
21221
21222
21227
21228
21234
21236
21237
21244
21250
21251
21252
21282
21284
21285
21286
20610
20615
20629
20639
20657
20676
20678
20685
20688
20689
20714
20732
20736
20754
21609
21629
21632
21636
21639
21640
21641
21649
21655
21660
21670
21681
21682
21683
21684
21685
21686
21687
21688
21048
21074
21080
21088
21102
21104
21107
21157
21158
21725
21757
21764
21776
21784
21787
21791
21797
21901
21902
21903
21904
21911
21912
21913
21914
21915
21916
21917
21918
21919
21920
21921
21922
21930
20601
20602
20603
20604
20611
20612
20616
20617
20625
20632
20637
20640
20643
20645
20646
20658
20661
20662
20664
20675
20677
20682
20693
20695
21613
21622
21626
21627
21631
21634
21637
21643
21648
21659
21664
21669
21672
21675
21677
21835
21869
21701
21702
21703
21704
21705
21709
21710
21714
21716
21717
21718
21727
21735
21754
21755
21758
21759
21762
21769
21770
21771
21773
21774
21775
21777
21778
21780
21788
21790
21792
21793
21798
21520
21522
21523
21531
21536
21538
21541
21550
21561
21001
21005
21009
21010
21014
21015
21017
21018
21024
21028
21034
21040
21047
21050
21078
21084
21085
21101
21130
21132
21154
21160
21161
20701
20723
20759
