20763
20777
20794
21029
21036
21041
21042
21043
21044
21045
21046
21075
21150
21723
21737
21738
21765
21794
21610
21620
21635
21645
21646
21650
21651
21661
21667
21678
20800
20810
20811
20812
20813
20814
20815
20816
20817
20818
20824
20825
20827
20830
20832
20833
20837
20838
20839
20841
20842
20847
20848
20849
20850
20851
20852
20853
20854
20855
20857
20859
20860
20861
20862
20866
20868
20871
20872
20874
20875
20876
20877
20878
20879
20880
20882
20883
20884
20885
20886
20889
20890
20891
20892
20894
20895
20896
20897
20898
20899
20900
20901
20902
20903
20904
20905
20906
20907
20908
20910
20911
20912
20914
20915
20916
20918
20990
20993
20997
20607
20608
20613
20623
20697
20703
20704
20705
20706
20707
20708
20709
20710
20712
20715
20716
20717
20718
20719
20720
20721
20722
20725
20726
20731
20735
20737
20738
20740
20741
20742
20743
20744
20745
20746
20747
20748
20749
20750
20752
20753
20757
20762
20768
20769
20770
20771
20772
20773
20774
20775
20780
20781
20782
20783
20784
20785
20787
20788
20789
20790
20791
20792
20797
20799
20913
21607
21617
21619
21623
21628
21638
21644
21656
21657
21658
21666
21668
21690
20606
20609
20618
20619
20620
20621
20622
20624
20626
20627
20628
20630
20634
20635
20636
20650
20653
20656
20659
20660
20667
20670
20674
20680
20684
20686
20687
20690
20692
21816
21817
21820
21821
21824
21836
21838
21853
21857
21866
21867
21868
21870
21871
21890
21601
21606
21612
21624
21625
21647
21652
21653
21654
21662
21663
21665
21671
21673
21676
21679
21711
21713
21715
21719
21720
21721
21722
21733
21734
21736
21740
21741
21742
21746
21747
21748
21749
21750
21756
21767
21779
21781
21782
21783
21795
21801
21802
21803
21804
21810
21814
21826
21830
21837
21840
21849
21850
21852
21856
21861
21865
21874
21875
21811
21813
21822
21829
21841
21842
21843
21851
21862
21863
21864
21872
21201
21202
21203
21205
21206
21209
21210
21211
21212
21213
21214
21215
21216
21217
21218
21223
21224
21229
21230
21231
21233
21235
21239
21241
21260
21263
21264
21265
21268
21270
21273
21274
21275
21276
21278
21279
21280
21281
21283
21287
21288
21289
21290
21297
21298
4210
4211
4212
4222
4223
4228
4230
4236
4240
4241
4243
4250
4251
4252
4253
4254
4256
4258
4263
4266
4273
4274
4280
4282
4283
4288
4291
4471
4497
4730
4732
4733
4734
4735
4736
4737
4738
4739
4740
4741
4742
4743
4744
4745
4746
4747
4750
4751
4756
4757
4758
4759
4760
4761
4762
4763
4764
4766
4768
4769
4770
4772
4773
4774
4775
4776
4779
4780
4781
4783
4784
4785
4786
4787
4788
4003
4009
4011
4013
4015
4017
4019
4021
4024
4029
4032
4033
4034
4038
4039
4040
4050
4053
4055
4057
4058
4062
4066
4067
4069
4070
4071
4074
4075
4077
4078
4079
4082
4084
4085
4091
4092
4096
4097
4098
4101
4102
4103
4104
4105
4106
4107
4108
4109
4110
4112
4116
4122
4123
4124
4260
4225
4227
4234
4235
4239
4262
4285
4294
4361
4749
4936
4938
4940
4947
4955
4956
4964
4966
4970
4982
4983
4984
4992
4408
4416
4420
4421
4431
4472
4476
4605
4607
4608
4609
4612
4613
4614
4615
4616
4617
4624
4625
4627
4629
4634
4635
4640
4642
4644
4646
4650
4653
4656
4659
4660
4661
4662
4664
4665
4669
4672
4673
4674
4675
4676
4677
4678
4679
4681
4683
4684
4685
4690
4693
4259
4265
4284
4330
4332
4333
4336
4338
4343
4344
4345
4346
4347
4349
4350
4351
4352
4355
4358
4359
4360
4363
4364
4901
4903
4910
4917
4918
4926
4927
4935
4962
4963
4989
4547
4563
4574
4645
4841
4843
4846
4847
4851
4853
4854
4855
4856
4857
4858
4859
4860
4861
4862
4863
4864
4865
4341
4342
4348
4353
4535
4536
4537
4538
4539
4541
4543
4544
4549
4551
4552
4553
4554
4555
4556
4558
4564
4568
4570
4571
4572
4573
4575
4576
4578
4638
4852
4010
4016
4022
4037
4041
4051
4068
4080
4081
4088
4216
4217
4219
4220
4221
4224
4226
4231
4233
4237
4238
4255
4257
4261
4267
4268
4270
4271
4275
4276
4278
4279
4281
4286
4289
4290
4292
4401
4402
4410
4411
4412
4417
4418
4419
4422
4423
4427
4428
4429
4430
4433
4434
4435
4444
4448
4449
4450
4451
4453
4455
4456
4457
4459
4460
4461
4462
4467
4468
4469
4473
4474
4475
4487
4488
4489
4493
4495
4765
4777
4782
4928
4930
4932
4933
4939
4953
4969
4406
4414
4415
4426
4441
4442
4443
4446
4463
4464
4479
4481
4482
4485
4008
4086
4287
4357
4530
4548
4562
4565
4567
4579
4458
4478
4911
4912
4920
4923
4924
4925
4929
4937
4942
4943
4944
4945
4950
4954
4957
4958
4961
4965
4967
4971
4975
4976
4978
4979
4985
4354
4438
4496
4848
4849
4850
4915
4921
4922
4941
4949
4951
4952
4972
4973
4974
4981
4986
4987
4988
4413
4424
4454
4490
4491
4492
4606
4611
4618
4619
4622
4623
4626
4628
4630
4631
4637
4643
4648
4649
4652
4654
4655
4657
4658
4666
4667
4668
4671
4680
4686
4691
4692
4694
3901
3902
3903
3904
3905
3906
3907
3908
3909
3910
3911
4001
4002
4004
4005
4006
4007
4014
4020
4027
4028
4030
4042
4043
4046
4047
4048
4049
4054
4056
4060
4061
4063
4064
4072
4073
4076
4083
4087
4090
4093
4094
4095
96960
96970
48705
48721
48728
48737
48738
48740
48742
48745
48762
49806
49816
49822
49825
49826
49839
49843
49862
49884
49890
49891
49895
49010
49070
49078
49080
49311
49314
49323
49328
49335
49344
49348
49406
49408
49416
49419
49447
49450
49453
49707
49744
49747
49753
49766
49611
49612
49615
49622
49627
49629
49648
49659
49729
48658
48659
48703
48749
48765
48766
49908
49919
49946
49962
49970
48897
49035
49046
49050
49058
49060
49073
49325
49333
48611
48613
48631
48634
48650
48706
48707
48708
48710
48732
48747
49616
49617
49628
49635
49640
49650
49683
49022
49023
49038
49039
49084
49085
49098
49101
49102
49103
49104
49106
49107
49111
49113
49115
49116
49117
49119
49120
49121
49125
49126
49127
49128
49129
49028
49036
49082
49089
49094
49255
49011
49014
49015
49016
49017
49018
49020
49029
49033
49037
49051
49068
49069
49092
49224
49245
49031
49047
49061
49067
49095
49112
49130
49711
49712
49713
49720
49727
49782
49796
49701
49705
49716
49717
49721
49749
49761
49791
49792
49799
49710
49715
49724
49725
49726
49728
49736
49748
49752
49768
49774
49778
49780
49783
49784
49785
49786
49788
49789
49790
49793
48617
48622
48625
48632
48633
48808
48820
48822
48831
48833
48835
48853
48866
48879
48894
49733
49738
49739
49807
49818
49829
49835
49837
49864
49872
49878
49880
49894
49801
49802
49815
49831
49834
49852
49870
49876
49877
49881
49892
48813
48821
48827
48837
48861
48876
48890
48907
48908
48917
49021
49076
49096
49706
49718
49722
49723
49737
49740
49755
49764
49769
49770
48411
48420
48423
48430
48433
48436
48437
48438
48439
48449
48451
48457
48458
48463
48473
48480
48501
48502
48503
48504
48505
48506
48507
48509
48519
48529
48531
48532
48550
48551
48552
48553
48554
48555
48556
48557
48559
48612
48624
48638
48652
49911
49938
49947
49959
49968
49969
49610
49633
49637
49643
49649
49666
49673
49684
49685
49686
49690
49696
48615
48662
48801
48802
48806
48807
48830
48832
48847
48856
48862
48871
48874
48877
48880
48889
49227
49232
49239
49242
49249
49250
49252
49257
49258
49262
49266
49271
49273
49274
49281
49282
49288
49905
49913
49916
49917
49921
49922
49930
49931
49934
49942
49945
49952
49955
49958
49961
49963
49965
48413
48432
48441
48445
48467
48468
48470
48475
48720
48725
48731
48754
48755
48759
48805
48819
48823
48824
48825
48826
48840
48842
48854
48864
48892
48895
48900
48901
48906
48909
48910
48911
48912
48913
48915
48916
48918
48919
48921
48922
48924
48929
48930
48933
48937
48950
48951
48956
48980
49251
49264
49285
48809
48815
48845
48846
48849
48851
48860
48865
48870
48873
48875
48881
48887
48730
48739
48743
48748
48750
48753
48763
48764
48770
49902
49903
49915
49920
49927
49935
49943
49964
48804
48858
48859
48878
48883
48893
48896
49310
49201
49202
49203
49204
49230
49234
49237
49240
49241
49246
49254
49259
49261
49263
49269
49272
49277
49283
49284
49001
49002
49003
49004
49005
49006
49007
49008
49009
49012
49019
49024
49034
49041
49048
49052
49053
49074
49077
49081
49083
49087
49088
49097
49646
49676
49680
49301
49302
49306
49315
49316
49317
49319
49321
49330
49331
49341
49343
49345
49351
49355
49356
49357
49418
49468
49501
49502
49503
49504
49505
49506
49507
49508
49509
49510
49512
49514
49515
49516
49518
49519
49523
49525
49528
49530
49544
49546
49548
49550
49555
49560
49588
49599
49805
49901
49918
49924
49950
49304
49402
49623
49642
49644
49656
48003
48412
48421
48428
48440
48444
48446
48455
48461
48464
48727
48760
49621
49630
49636
49653
49654
49664
49670
49674
49682
49220
49221
49228
49229
49233
49235
49236
49238
49247
49248
49253
49256
49265
49268
49275
49276
49278
49279
49280
49286
49287
49289
48114
48116
48137
48139
48143
48169
48353
48816
48836
48843
48844
48855
48863
49853
49868
49719
49745
49757
49760
49762
49775
49781
49820
49827
49838
48005
48015
48021
48026
48035
48036
48038
48042
48043
48044
48045
48046
48047
48048
48050
48051
48062
48065
48066
48080
48081
48082
48088
48089
48090
48091
48092
48093
48094
48095
48096
48310
48311
48312
48313
48314
48315
48316
48317
48318
48397
49613
49614
49619
49625
49626
49634
49645
49660
49675
49689
49808
49814
49819
49833
49841
49849
49855
49861
49865
49866
49869
49871
49879
49885
49405
49410
49411
49431
49454
49458
49305
49307
49320
49332
49334
49336
49338
49340
49342
49346
49812
49813
49821
49845
49847
49848
49858
49863
49873
49874
49886
49887
49893
49896
48618
48620
48628
48640
48641
48642
48657
48667
48670
48674
48686
49632
49651
49657
49667
48110
48117
48131
48133
48140
48144
48145
48157
48159
48160
48161
48162
48166
48177
48179
48182
49267
49270
48811
48812
48818
48829
48834
48838
48850
48852
48884
48885
48886
48888
48891
49322
49326
49329
49339
49347
49709
49746
49756
49303
49313
49318
49415
49425
49437
49440
49441
49442
49443
49444
49445
49451
49457
49461
49463
49309
49312
49327
49337
49349
49412
49413
48007
48009
48012
48017
48025
48030
48033
48034
48037
48067
48068
48069
48070
48071
48072
48073
48075
48076
48083
48084
48085
48086
48098
48099
48165
48178
48220
48237
48301
48302
48303
48304
48306
48307
48308
48309
48320
48321
48322
48323
48324
48325
48326
48327
48328
48329
48330
48331
48332
48333
48334
48335
48336
48340
48341
48342
48343
48346
48347
48348
48350
48356
48357
48359
48360
48361
48362
48363
48366
48367
48370
48371
48374
48375
48376
48377
48380
48381
48382
48383
48386
48387
48390
48391
48393
48398
48442
48462
49420
49421
49436
49446
49449
49452
49455
49459
48610
48635
48654
48661
48756
48761
49910
49912
49925
49929
49948
49953
49960
49967
49971
49631
49639
49655
49665
49677
49679
49688
48619
48621
48636
48647
49647
49730
49734
49735
49751
49795
49797
49401
49403
49404
49409
49417
49422
49423
49424
49426
49427
49428
49429
49430
49434
49435
49448
49456
49460
49464
49534
49909
49743
49759
49765
49776
49777
49779
48627
48629
48630
48651
48653
48656
48415
48417
48601
48602
48603
48604
48605
48606
48607
48608
48609
48614
48616
48623
48626
48637
48649
48655
48663
48722
48724
48734
48787
48001
48002
48004
48006
48014
48022
48023
48027
48028
48032
48039
48040
48041
48049
48054
48059
48060
48061
48063
48064
48074
48079
48097
49030
49032
49040
49042
49066
49072
49075
49091
49093
49099
48401
48410
48416
48419
48422
48426
48427
48434
48450
48453
48454
48456
48465
48466
48469
48471
48472
49817
49836
49840
49854
49883
48414
48418
48429
48460
48476
48817
48841
48848
48857
48867
48872
48882
48435
48701
48723
48726
48729
48733
48735
48736
48741
48744
48746
48757
48758
48767
48768
48769
49013
49026
49027
49043
49045
49055
49056
49057
49062
49063
49064
49065
49071
49079
49090
48103
48104
48105
48106
48107
48108
48109
48113
48115
48118
48130
48158
48175
48176
48189
48190
48191
48197
48198
48101
48102
48111
48112
48120
48121
48122
48123
48124
48125
48126
48127
48128
48134
48135
48136
48138
48141
48146
48150
48151
48152
48153
48154
48164
48167
48168
48170
48173
48174
48180
48183
48184
48185
48186
48187
48188
48192
48193
48195
48201
48202
48203
48204
48205
48206
48207
48208
48209
48210
48211
48212
48213
48214
48215
48216
48217
48218
48219
48221
48222
48223
48224
48225
48226
48227
48228
48229
48230
48231
48232
48233
48234
48235
48236
48238
48239
48240
48242
48243
48244
48254
48255
48258
48260
48264
48265
48266
48267
48268
48269
48272
48274
48275
48277
48278
48279
48288
48295
48297
48299
49601
49618
49620
49638
49663
49668
55748
55752
55760
55785
55787
56350
56431
56469
55005
55011
55014
55070
55303
55304
55421
55432
55433
55434
55448
55449
56501
56502
56511
56521
56544
56554
56569
56570
56575
56577
56578
56591
56593
56601
56619
56630
56647
56650
56663
56666
56667
56670
56671
56674
56678
56683
56685
56687
56329
56333
56357
56367
56379
56210
56211
56225
56227
56240
56250
56276
56278
56001
56002
56006
56010
56024
56034
56037
56055
56063
56065
56078
56080
56090
56019
56030
56041
56073
56084
56085
56087
56238
55707
55718
55720
55726
55733
55749
55757
55767
55780
55797
55798
55315
55317
55318
55322
55339
55360
55367
55368
55383
55386
55387
55388
55394
55397
55399
55473
55550
55551
55552
55553
55554
55555
55556
55557
55558
55559
55560
55561
55562
55563
55564
55566
55567
55568
55583
55594
56430
56435
56452
56473
56474
56484
56485
56626
56632
56633
56641
56655
56662
56665
56672
56222
56260
56262
56265
56295
55002
55012
55013
55032
55045
55056
55069
55074
55078
55079
55084
55092
56513
56514
56525
56529
56536
56546
56547
56549
56552
56560
56561
56562
56563
56580
56585
56460
56621
56634
56644
56652
56676
55604
55605
55606
55612
55613
55615
56101
56118
56124
56145
56159
56174
56183
56401
56425
56441
56442
56444
56447
56448
56449
56450
56455
56456
56459
56463
56465
56468
56472
55010
55024
55031
55033
55044
55065
55068
55075
55076
55077
55085
55118
55120
55121
55122
55123
55124
55150
55306
55337
55924
55927
55940
55944
55955
55985
56308
56315
56319
56326
56332
56341
56343
56354
56355
56360
56013
56014
56023
56025
56027
56033
56047
56051
56068
56092
56097
56098
55922
55923
55935
55937
55939
55949
55954
55961
55962
55965
55971
55975
55990
56007
56009
56016
56020
56029
56032
56035
56036
56042
56043
56045
56064
56070
56076
56089
55009
55018
55026
55027
55066
55089
55946
55963
55983
55992
56248
56274
56309
56311
56339
56531
56590
55111
55305
55311
55316
55323
55327
55331
55340
55343
55344
55345
55346
55347
55348
55356
55357
55359
55361
55364
55369
55374
55375
55384
55391
55392
55400
55401
55402
55403
55404
55405
55406
55407
55408
55409
55410
55411
55412
55413
55414
55415
55416
55417
55418
55419
55420
55422
55423
55424
55425
55426
55427
55428
55429
55430
55431
55435
55436
55437
55438
55439
55440
55441
55442
55443
55444
55445
55446
55447
55450
55454
55455
55458
55459
55460
55467
55468
55470
55472
55474
55478
55479
55480
55483
55484
55485
55486
55487
55488
55569
55570
55571
55572
55573
55574
55575
55576
55577
55578
55579
55593
55595
55596
55597
55598
55599
55919
55921
55931
55941
55943
55947
55974
56433
56436
56458
56461
56467
56470
55004
55006
55008
55017
55029
55040
55080
55709
55716
55721
55722
55730
55742
55744
55745
55753
55755
55764
55769
55775
55784
55786
55788
55793
56628
56631
56636
56637
56639
56657
56659
56680
56681
56688
56111
56112
56137
56143
56150
56161
55051
56358
56201
56209
56216
56246
56251
56253
56273
56279
56281
56282
56288
56289
56720
56728
56729
56731
56732
56733
56734
56735
56740
56755
56053
56627
56629
56649
56653
56654
56658
56660
56661
56668
56669
56679
56212
56218
56232
56254
56256
56257
56272
55601
55603
55607
55609
55614
55616
56623
56686
56711
56741
56017
56028
56050
56052
56057
56058
56069
56071
56096
56113
56136
56142
56149
56178
56179
56115
56132
56157
56169
56175
56229
56239
56258
56264
56291
55312
55336
55350
55354
55370
55381
55385
55395
56516
56557
56566
56589
56710
56713
56724
56727
56737
56738
56744
56757
56758
56760
56762
56031
56039
56075
56088
56121
56127
56162
56171
56176
56181
55324
55325
55329
55355
55389
56228
56243
55371
56313
56330
56342
56353
56359
56363
56386
56314
56317
56328
56338
56344
56345
56364
56373
56382
56384
56388
56443
56466
56475
55909
55912
55918
55926
55933
55936
55950
55951
55953
55967
55970
55973
55977
55982
56114
56122
56123
56125
56131
56133
56141
56151
56172
56003
56021
56054
56074
56082
56110
56117
56119
56126
56129
56153
56155
56165
56167
56168
56185
56187
56510
56519
56541
56545
56548
56550
56574
56581
56584
55901
55902
55903
55904
55905
55906
55920
55929
55934
55960
55976
56324
56361
56515
56518
56524
56527
56528
56533
56534
56537
56538
56551
56567
56571
56572
56573
56576
56586
56587
56588
56701
56725
56754
55007
55030
55036
55037
55063
55067
55072
55704
55712
55729
55735
55756
55783
55795
56128
56139
56140
56144
56164
56170
56177
56186
55762
56517
56523
56535
56540
56542
56556
56568
56592
56646
56651
56684
56712
56716
56721
56722
56723
56736
56323
56327
56334
56349
56380
56381
56385
55101
55102
55103
55104
55105
55106
55107
55108
55109
55110
55112
55113
55114
55116
55117
55119
55126
55127
55130
55133
55144
55145
55146
55155
55161
55164
55165
55166
55168
55169
55170
55171
55172
55175
55177
55182
55187
55188
55189
55190
55191
55199
56715
56742
56748
56750
56083
56152
56166
56180
56214
56224
56255
56263
56266
56283
56287
56292
56293
56294
55310
55314
55332
55333
55342
56230
56270
56277
56284
56285
55019
55021
55046
55052
55053
55057
55087
55088
56116
56134
56138
56146
56147
56156
56158
56173
56673
56682
56714
56726
56751
56756
56759
56761
56763
55602
55701
55702
55703
55705
55706
