27497
27498
27499
27823
27839
27843
27844
27850
27859
27870
27874
27887
27890
27501
27506
27521
27543
27546
27552
28323
28334
28335
28339
28368
28716
28721
28738
28745
28751
28785
28786
28710
28724
28726
28727
28729
28731
28732
28735
28739
28742
28758
28760
28784
28790
28791
28792
28793
27818
27855
27910
27922
27942
27986
28361
28376
27824
27826
27875
27885
27960
28010
28115
28117
28123
28166
28625
28634
28660
28677
28687
28688
28689
28699
28707
28717
28723
28725
28736
28779
28783
28788
28789
27504
27520
27524
27542
27555
27557
27568
27569
27576
27577
27593
28522
28555
28573
28585
27237
27330
27331
27332
27505
28355
28501
28502
28503
28504
28525
28551
28572
28033
28037
28080
28092
28093
28168
28737
28749
28752
28761
28762
28703
28734
28741
28744
28763
28775
28743
28753
28754
27825
27840
27841
27846
27857
27861
27871
27892
28031
28036
28070
28078
28104
28105
28106
28126
28130
28134
28201
28202
28203
28204
28205
28206
28207
28208
28209
28210
28211
28212
28213
28214
28215
28216
28217
28218
28219
28220
28221
28222
28223
28224
28225
28226
28227
28228
28229
28230
28231
28232
28233
28234
28235
28236
28237
28240
28241
28242
28243
28244
28245
28246
28247
28250
28253
28254
28255
28256
28258
28260
28261
28262
28263
28265
28266
28269
28270
28272
28273
28274
28275
28277
28278
28280
28281
28282
28283
28284
28285
28286
28287
28288
28289
28290
28294
28296
28297
28299
28705
28765
28777
27209
27229
27247
27306
27356
27371
27242
27251
27259
27281
27325
27376
28315
28326
28327
28350
28370
28373
28374
28387
28388
28394
27803
27804
27807
27815
27816
27856
27868
27878
27882
27891
28401
28402
28403
28405
28406
28407
28408
28409
28410
28411
28412
28428
28429
28449
28480
27820
27831
27832
27838
27842
27845
27853
27854
27862
27866
27867
27869
27876
27877
27897
28445
28460
28539
28540
28541
28542
28543
28544
28545
28546
28547
28574
28584
27231
27243
27278
27510
27514
27515
27516
27517
27599
28509
28510
28515
28529
28537
28552
28556
28571
28583
28587
27906
27907
27909
28421
28425
28435
28443
28454
28457
28471
28478
27919
27930
27944
27985
27343
27541
27573
27583
27811
27812
27827
27828
27829
27833
27834
27835
27836
27837
27858
27879
27884
28513
28530
28590
28722
28750
28756
28773
28782
27203
27204
27205
27230
27248
27298
27316
27317
27341
27350
27355
27370
28330
28338
28345
28347
28363
28367
28379
28380
28397
28271
28319
28340
28357
28358
28359
28360
28362
28364
28369
28371
28372
28375
28377
28378
28383
28384
28386
27025
27027
27048
27288
27289
27320
27321
27322
27323
27326
27375
27008
27013
27054
28023
28039
28041
28071
28072
28088
28125
28138
28144
28145
28146
28147
28159
28018
28019
28024
28040
28043
28074
28076
28139
28160
28167
28720
28746
28318
28328
28329
28366
28382
28385
28393
28441
28444
28446
28447
28343
28351
28352
28353
28396
28001
28002
28009
28097
28109
28127
28128
28129
28137
28163
27016
27019
27021
27022
27042
27043
27046
27052
27007
27017
27024
27030
27031
27041
27047
27049
27053
28621
28676
28702
28713
28719
28708
28712
28718
28747
28766
28768
28772
28774
27925
28079
28103
28108
28110
28111
28112
28173
28174
27536
27537
27539
27544
27553
27556
27584
27502
27511
27512
27513
27518
27519
27523
27526
27529
27539
27540
27545
27560
27562
27571
27587
27588
27591
27592
27597
27601
27602
27603
27604
27605
27606
27607
27608
27609
27610
27611
27612
27613
27614
27615
27616
27617
27619
27620
27621
27622
27623
27624
27625
27626
27627
27628
27629
27634
27635
27636
27640
27650
27656
27658
27661
27668
27675
27676
27690
27695
27697
27698
27699
27551
27563
27570
27586
27589
27594
27928
27962
27970
28605
28607
28608
28618
28679
28686
28691
28692
28698
27530
27531
27532
27533
27534
27830
27863
28333
28365
28578
28606
28624
28635
28649
28651
28654
28656
28659
28665
28669
28670
28674
28683
28685
28695
28696
28697
27813
27822
27851
27873
27880
27883
27893
27894
27895
27896
27011
27018
27020
27055
28642
28714
28740
28755
58639
58649
58031
58049
58062
58063
58065
58072
58429
58432
58461
58479
58480
58492
58320
58332
58335
58343
58346
58348
58351
58357
58370
58379
58381
58386
58627
58645
58318
58360
58384
58711
58739
58748
58750
58760
58762
58783
58793
58623
58651
58653
58721
58727
58737
58752
58772
58773
58412
58477
58494
58501
58502
58503
58504
58505
58506
58507
58521
58532
58553
58558
58560
58572
58002
58003
58004
58005
58006
58007
58011
58012
58014
58021
58029
58036
58038
58042
58047
58048
58051
58052
58059
58064
58071
58078
58079
58102
58103
58104
58105
58106
58107
58108
58109
58121
58122
58123
58124
58125
58126
58239
58249
58255
58260
58269
58281
58311
58323
58352
58355
58372
58436
58439
58441
58474
58730
58765
58833
58844
58625
58626
58636
58640
58642
58644
58356
58374
58524
58542
58544
58549
58552
58573
58421
58443
58445
58464
58621
58632
58654
58657
58201
58202
58203
58204
58205
58206
58207
58208
58214
58228
58235
58244
58251
58256
58258
58266
58267
58275
58278
58529
58533
58551
58562
58564
58569
58416
58425
58448
58452
58484
58646
58647
58650
58428
58471
58475
58478
58482
58487
58488
58411
58415
58431
58433
58454
58456
58458
58466
58490
58440
58442
58561
58710
58712
58713
58731
58736
58741
58744
58747
58768
58788
58789
58790
58792
58413
58460
58489
58495
58581
58634
58757
58831
58835
58838
58847
58854
58531
58540
58559
58565
58575
58576
58577
58579
58716
58723
58759
58775
58778
58523
58541
58545
58571
58580
58520
58535
58537
58554
58563
58566
58631
58638
58763
58769
58770
58771
58776
58784
58794
58212
58224
58254
58259
58272
58344
58361
58380
58530
58216
58220
58222
58225
58236
58238
58241
58262
58265
58271
58276
58282
58313
58315
58359
58368
58385
58301
58321
58325
58327
58328
58330
58338
58345
58362
58377
58382
58027
58033
58054
58057
58068
58740
58761
58782
58787
58001
58008
58015
58018
58030
58039
58041
58053
58058
58061
58074
58075
58076
58077
58081
58310
58316
58329
58353
58366
58367
58369
58013
58017
58032
58040
58043
58060
58067
58069
58430
58444
58463
58758
58528
58538
58568
58570
58620
58643
58601
58602
58622
58630
58641
58652
58655
58656
58046
58056
58230
58277
58401
58402
58405
58420
58424
58426
58455
58467
58472
58476
58481
58483
58496
58497
58317
58324
58331
58339
58363
58365
58009
58016
58035
58045
58218
58219
58223
58240
58257
58274
58210
58213
58227
58229
58231
58233
58237
58243
58250
58261
58270
58273
58701
58702
58703
58704
58705
58707
58718
58722
58725
58733
58734
58735
58738
58746
58756
58779
58781
58785
58319
58337
58341
58342
58418
58422
58423
58438
58450
58451
58465
58486
58755
58795
58801
58802
58830
58843
58845
58849
58852
58853
58856
68868
68901
68902
68925
68950
68955
68956
68973
68636
68720
68726
68756
68761
68764
68773
69121
69345
68821
68833
69157
68620
68627
68652
68655
68660
69301
69348
68719
68722
68746
68755
68777
69210
69214
69217
68812
68836
68840
68845
68847
68848
68849
68858
68861
68866
68869
68870
68876
68019
68020
68038
68045
68061
68001
68014
68036
68624
68626
68632
68635
68650
68658
68667
68669
68016
68037
68048
68058
68304
68307
68347
68349
68366
68403
68407
68409
68413
68455
68463
68717
68727
68736
68739
68745
68749
68762
68771
68774
68792
69023
69027
69033
69035
69045
69135
69201
69211
69212
69216
69218
69219
69220
69221
69131
69141
69149
69156
69160
69162
68452
68933
68934
68935
68938
68941
68944
68954
68975
68979
68980
68629
68641
68643
68659
68661
68004
68716
68788
68791
68813
68814
68819
68822
68825
68828
68855
68856
68860
68874
68880
68881
69120
68030
68731
68733
68741
68743
68776
69337
69339
69354
69367
68834
68850
68863
68878
69029
69130
69138
69171
69122
69129
68710
68728
68732
68751
68757
68770
68784
68785
68025
68026
68031
68044
68057
68063
68072
68621
68633
68649
68664
68007
68010
68022
68064
68069
68101
68102
68103
68104
68105
68106
68107
68108
68109
68110
68111
68112
68114
68116
68117
68118
68119
68120
68122
68124
68127
68130
68131
68132
68134
68135
68137
68139
68142
68144
68145
68152
68154
68155
68164
68172
68175
68176
68178
68179
68180
68181
68182
68183
68197
68198
69021
69030
69037
69041
68351
68354
68361
68365
68406
68416
68436
68444
68929
68932
68939
68947
68960
68972
68981
69025
69028
69038
69039
69042
68922
68926
68936
68946
68948
68967
69022
69046
68301
68309
68310
68318
68328
68331
68357
68374
68381
68415
68422
68458
68466
69147
69148
69154
69190
68823
68937
68976
69333
69350
69366
68665
68842
68875
68882
68801
68802
68803
68810
68824
68832
68883
68818
68841
68843
68846
68854
68865
68920
68951
68966
68969
68971
68977
69031
69032
69024
69040
69043
69044
68711
68713
68725
68734
68735
68742
68763
68766
68780
69152
68820
68829
68831
68835
68838
68872
68873
68338
68342
68350
68352
68377
68424
68440
68329
68332
68348
68443
68450
68924
68945
68959
68963
68982
69127
69144
69146
69153
69155
68753
68759
68778
69128
69133
69145
68718
68724
68729
68730
68760
68783
68786
68789
68317
68336
68339
68358
68368
68372
68402
68404
68419
68428
68430
68438
68461
68462
68501
68502
68503
68504
68505
68506
68507
68508
68509
68510
68511
68512
68514
68516
68517
68520
68521
68522
68523
68524
68526
68527
68528
68529
68531
68532
68542
68544
68572
68583
68588
69101
69103
69123
69132
69143
69151
69165
69169
69170
69163
68879
69167
68701
68702
68715
68748
68752
68758
68781
68628
68663
68816
68826
68827
68864
69125
69331
69334
69336
68623
68638
68640
68305
68320
68321
68378
68379
68414
68421
68943
68957
68961
68964
68974
68978
68324
68344
68346
68382
68410
68417
68418
68446
68448
68454
68323
68345
68380
68420
68441
68447
69134
69140
69150
69168
68923
68927
68940
68949
68958
68737
68738
68747
68765
68767
68769
68601
68602
68631
68634
68642
68644
68647
68653
68651
68654
68662
68666
69001
69020
69026
69034
69036
68337
68355
68376
68431
68433
68437
68442
68457
68714
68772
68333
68341
68343
68359
68445
68453
68464
68465
68005
68028
68046
68054
68056
68059
68113
68123
68128
68133
68136
68138
68147
68157
68003
68015
68017
68018
68033
68035
68040
68041
68042
68050
68065
68066
68070
68073
68648
69341
69349
69352
69353
69355
69356
69357
69358
69361
69363
68313
68314
68330
68360
68364
68405
68423
68432
68434
68439
68456
69335
69340
69343
69347
69351
69360
69365
68817
68844
68852
68853
68871
69346
68768
68779
68303
68315
68322
68325
68326
68327
68335
68340
68362
68370
68375
68429
69142
69161
69166
68039
68047
68055
68062
68067
68071
68815
68837
68859
68862
68002
68008
68009
68023
68029
68034
68068
68723
68740
68787
68790
68928
68930
68942
68952
68970
68622
68637
68316
68319
68367
68371
68401
68460
68467
3218
3220
3225
3226
3237
3246
3247
3249
3252
3253
3256
3269
3276
3289
3298
3299
3809
3810
3837
3227
3254
3259
3812
3813
3814
3816
3817
3818
3830
3832
3836
3838
3845
3846
3847
3849
3850
3853
3860
3861
3864
3872
3875
3882
3883
3886
3890
3894
3896
3897
3431
3435
3441
3443
3444
3445
3446
3447
3448
3450
3451
3452
3455
3456
3457
3461
3462
3464
3465
3466
3467
3469
3470
3602
3604
3608
3609
3570
3575
3576
3579
3581
3582
3583
3584
3587
3588
3589
3590
3592
3593
3595
3597
3598
3215
3217
3222
3223
3232
3238
3240
3241
3245
3251
3258
3262
3264
3266
3274
3279
3282
3285
3293
3561
3574
3580
3585
3586
3740
3741
3748
3749
3750
3755
3756
3765
3766
3768
3769
3771
3774
3777
3779
3780
3784
3785
3031
3033
3043
3045
3047
3048
3049
3051
3052
3054
3055
3057
3060
3061
3062
3063
3064
3070
3071
3076
3082
3084
3086
3101
3102
3103
3104
3105
3107
3108
3109
3110
3111
3244
3281
3440
3442
3449
3458
3468
3046
3106
3216
3221
3224
3229
3230
3231
3233
3234
3235
3242
3243
3255
3257
3260
3263
3265
3268
3272
3273
3275
3278
3287
3301
3302
3303
3304
3305
3306
3307
210
211
212
213
214
215
3032
3034
3036
3037
3038
3040
3041
3042
3044
3053
3073
3077
3079
3087
3261
3290
3291
3801
3802
3803
3804
3811
3819
3826
3827
3833
3840
3841
3842
3843
3844
3848
3854
3856
3857
3858
3859
3862
3865
3870
3871
3873
3874
3885
3805
3815
3820
3821
3822
3823
3824
3825
3835
3839
3851
3852
3855
3866
3867
3868
3869
3878
3884
3887
3280
3284
3601
3603
3605
3606
3607
3743
3745
3746
3751
3752
3753
3754
3770
3772
3773
3781
3782
8037
8201
8203
8205
8213
8215
8217
8220
8221
8222
8225
8227
8231
8232
8234
8240
8241
8244
8310
8317
8319
8326
8330
8340
8341
8342
8346
8350
8400
8401
8402
8403
8404
8405
8406
8411
7010
7020
7022
7024
7026
7031
7057
7070
7071
7072
7073
7074
7075
7401
7407
7410
7417
7423
7430
7432
7436
7446
7450
7451
7452
7458
7463
7481
7495
7498
7601
7602
7603
7604
7605
7606
7607
7608
7620
7621
7624
7626
7627
7628
7630
7631
7632
7640
7641
7642
7643
7644
7645
7646
7647
7648
7649
7650
7652
7653
7656
7657
7660
7661
7662
7663
7666
7670
7675
7676
7677
7688
7699
8010
8011
8015
8016
8019
8022
8036
8041
8042
8046
8048
8052
8053
8054
8055
8057
8060
8064
8065
8068
8073
8075
8076
8077
8088
8224
8370
8505
8511
8515
8518
8554
8562
8640
8641
8002
8003
8004
8007
8009
8012
8018
8021
8026
8029
8030
8031
8033
8034
8035
8043
8045
8049
8059
8078
8081
8083
8084
8089
8091
8095
8099
8100
8101
8102
8103
8104
8105
8106
8107
8108
8109
8110
8358
8202
8204
8210
8212
8214
8218
8219
8223
8226
8230
8233
8242
8243
8245
8246
8247
8248
8250
8251
8252
8260
8270
8302
8311
8313
8314
8315
8316
8320
8321
8323
8324
8327
8329
8332
8345
8348
8349
8352
8353
8360
8361
8362
7003
7004
7006
7007
7009
7017
7018
7019
7021
7028
7039
7040
7041
7042
7043
7044
7050
7051
7052
7068
7078
7079
7101
7102
7103
7104
7105
7106
7107
7108
7109
7110
7111
7112
7114
7175
7182
7184
7188
7189
7191
7192
7193
7194
7195
7197
7198
7199
8014
8020
8025
8027
8028
8032
8039
8051
8056
8061
8062
8063
8066
8071
8074
8080
8085
8086
8090
8093
8094
8096
8097
8312
8322
8328
8343
8344
7002
7029
7030
7032
7047
7086
7087
7093
7094
7096
7097
7099
7302
7303
7304
7305
7306
7307
7308
7309
7310
7311
7390
7395
7399
7830
7979
8530
8551
8556
8557
8559
8801
8803
8804
8809
8822
8825
8826
8827
8829
8833
8834
8848
8858
8867
8868
8870
8885
8887
8888
8889
8520
8525
8534
8540
8541
8542
8543
8544
8550
8560
8561
8601
8602
8603
8604
8605
8606
8607
8608
8609
8610
8611
8618
8619
8620
8625
8628
8629
8638
8645
8646
8647
8648
8650
8666
8677
8690
8691
8695
7001
7008
7064
7067
7077
7080
7095
7098
8512
8536
8570
8810
8812
8816
8817
8818
8820
8824
8828
8830
8831
8832
8837
8840
8846
8850
8852
8854
8855
8857
8859
8861
8862
8863
8871
8872
8877
8878
8879
8882
8884
8899
8901
8902
8903
8904
8905
8906
8922
8933
8988
8989
7701
7702
7703
7704
7709
7710
7711
7712
7715
7716
7717
7718
7719
7720
7721
7722
7723
7724
7726
7727
7728
7730
7731
7732
7733
7734
7735
7737
7738
7739
7740
7746
7747
7748
7750
7751
7752
7753
7754
7755
7756
7757
7758
7760
7762
7763
7764
7765
7777
7799
8501
8510
8514
8526
8535
8555
8720
8730
8736
8750
7005
7034
7035
7045
7046
7054
7058
7082
7405
7440
7444
7457
7801
7802
7803
7806
7828
7834
7836
7842
7845
7847
7849
7850
7852
7853
7856
7857
7866
7869
7870
7876
7878
7885
7926
7927
7928
7930
7932
7933
7935
7936
7940
7945
7946
7950
7960
7961
7962
7963
7970
7976
7980
7981
7983
7999
8005
8006
8008
8050
8087
8092
8527
8533
8701
8721
8722
8723
8724
8731
8732
8733
8734
8735
8738
8739
8740
8741
8742
8751
8752
8753
8754
8755
8756
8757
8758
8759
7011
7012
7013
7014
7015
7055
7403
7420
7421
7424
7435
7438
7442
7456
7465
7470
7474
7477
7480
7501
7502
7503
7504
7505
7506
7507
7508
7509
7510
7511
7512
7513
7514
7522
7524
7530
7533
7538
7543
7544
8001
8023
8038
8067
8069
8070
8072
8079
8098
8318
8347
7059
7920
7921
7924
7931
7934
7938
7939
7977
7978
8502
8504
8528
8553
8558
8805
8807
8821
8823
8835
8836
8844
8853
8869
8873
8875
8876
8880
8890
8896
7416
7418
7419
7422
7428
7439
7460
7461
7462
7821
7822
7826
7827
7837
7839
7843
7848
7851
7855
7860
7871
7874
7875
7877
7879
7881
7890
7016
7023
7027
7033
7036
7060
7061
7062
7063
7065
7066
7069
7076
7081
7083
7088
7090
7091
7092
7201
7202
7203
7204
7205
7206
7207
7208
7215
7216
7901
7902
7922
7974
7820
7823
7825
7829
7831
7832
7833
7838
7840
7844
7846
7863
7865
7880
7882
8802
8808
8865
8886
87008
87022
87047
87059
87101
87102
87103
87104
87105
87106
87107
87108
87109
87110
87111
87112
87113
87114
87115
87116
87117
87118
87119
87120
87121
87122
87123
87125
87131
87140
87153
87154
87158
87174
87176
87180
87181
87184
87185
87187
87190
87191
87192
87193
87194
87195
87196
87197
87198
87199
87201
87820
87821
87824
87827
87829
87830
88039
88201
88202
88203
88230
88232
88253
87005
87007
87014
87020
87021
87026
87038
87040
87049
87051
87315
87357
87710
87714
87718
87728
87729
87740
87747
87749
88101
88102
88103
88112
88120
88124
88133
88135
88119
88134
88136
87936
87937
87940
87941
88001
88002
88003
88004
88005
88006
88007
88008
88011
88012
88021
88024
88027
88032
88033
88044
88046
88047
88048
88052
88054
88058
88063
88072
88210
88211
88220
88221
88250
88254
88255
88256
88263
88268
88022
88023
88025
88026
88028
88034
88036
88038
88040
88041
88043
