30187
31723
31732
31741
31761
39832
39834
31648
31303
31307
31312
31318
31326
31329
30624
30634
30635
30401
30425
30447
30448
30464
30466
30471
31002
30414
30417
30423
30429
30255
30513
30541
30555
30559
30560
30205
30214
30215
30232
30269
30290
30105
30124
30129
30147
30149
30161
30162
30163
30164
30165
30172
30173
30028
30040
30041
30128
30520
30521
30553
30639
30662
30004
30005
30009
30022
30023
30075
30076
30077
30201
30202
30213
30268
30272
30291
30301
30302
30303
30304
30305
30306
30307
30308
30309
30310
30311
30312
30313
30314
30315
30316
30317
30318
30320
30321
30323
30324
30325
30326
30327
30328
30330
30331
30332
30334
30336
30337
30338
30339
30342
30343
30344
30347
30348
30349
30351
30353
30354
30355
30357
30358
30361
30363
30364
30365
30368
30369
30370
30371
30374
30375
30376
30377
30378
30379
30380
30381
30383
30384
30385
30386
30387
30388
30389
30390
30392
30394
30396
30398
30399
31106
31107
31120
31126
31131
31136
31139
31150
31156
31160
31165
31170
31175
31180
31185
31190
31191
31192
31193
31195
31196
31197
31198
31199
30522
30536
30539
30540
30810
30820
31520
31521
31522
31523
31524
31525
31527
31561
30139
30701
30703
30732
30733
30734
30735
30746
31728
31729
31797
39827
39829
39897
30642
30665
30669
30678
30003
30010
30017
30019
30024
30026
30029
30039
30042
30043
30044
30045
30046
30047
30048
30049
30052
30071
30078
30091
30092
30093
30095
30096
30097
30098
30099
30136
30195
30198
30199
30211
30221
30226
30227
30244
30245
30246
30278
30515
30518
30519
30510
30523
30531
30535
30544
30563
30580
30596
30501
30502
30503
30504
30505
30506
30507
30527
30542
30543
30554
30564
30566
31087
30110
30113
30140
30176
30182
31804
31807
31811
31822
31823
31826
31831
30516
30643
30217
30219
30228
30235
30248
30249
30252
30253
30281
30352
31005
31013
31025
31028
31047
31069
31088
31093
31095
31098
31099
31760
31769
31774
31798
30517
30529
30530
30548
30549
30565
30567
30575
30599
30055
31038
31064
31085
31532
31539
30413
30434
30477
30803
30818
30823
30833
30442
30822
31049
31096
31032
31033
30203
30204
30257
31635
31649
30454
31009
31019
31021
31022
31027
31040
31065
31075
31763
31787
31132
31301
31309
31310
31313
31314
31315
31320
31323
31333
30817
31316
31601
31602
31603
31604
31605
31606
31632
31636
31641
31698
31699
30533
30597
30806
30808
30824
31304
31305
31319
31327
31331
31332
31041
31057
31068
30627
30628
30629
30633
30646
30647
31803
30218
30222
30251
30293
31816
31830
31737
39817
31716
31730
31739
31779
31784
31004
31016
31029
31046
31086
30410
30412
30445
30470
30473
30623
30625
30645
30650
30663
30705
30708
30711
30724
30751
31808
31820
31829
31900
31901
31902
31903
31904
31905
31906
31907
31908
31909
31914
31917
31993
31994
31995
31997
31998
31999
30014
30015
30016
30054
30056
30070
30209
30210
30267
30621
30622
30638
30677
30619
30630
30648
30667
30671
30130
30131
30132
30141
30157
30158
31008
31030
30143
30148
30175
30177
31516
31518
31551
31556
31557
30206
30256
30258
30292
30295
30104
30125
30138
30153
30174
31036
31024
31026
31754
31767
30525
30537
30552
30562
30568
30573
30576
30581
31736
31740
31786
30805
30812
30815
30901
30903
30904
30905
30906
30907
30909
30910
30911
30912
30913
30914
30916
30919
30999
30012
30013
30094
30207
30208
31806
30424
30446
30449
30455
30467
31745
31759
39825
39859
39861
30212
30223
30224
30266
30284
30538
30557
30577
30598
30598
31814
31815
31821
31825
31709
31710
31711
31719
31735
31743
31764
31780
31801
31810
31812
31827
31836
30631
30664
30420
30421
30427
30438
30453
30499
31006
31039
31058
31076
31081
31037
31055
31060
31083
31544
31549
31726
31742
31777
31785
39826
39828
39885
31626
31738
31757
31758
31765
31773
31778
31792
31799
31727
31733
31775
31793
31794
31795
30436
30474
30475
30546
30582
30457
30230
30240
30241
30261
31833
31714
31783
31790
31017
31020
31044
30051
30512
30514
30572
30285
30286
31097
30707
30725
30728
30739
30741
30750
30018
30025
30279
30641
30655
30656
31501
31502
31503
31550
31552
31564
30807
30819
30821
30828
31045
30089
31018
31035
31067
31082
31089
31094
31545
31546
31555
31560
31598
31599
31824
31832
39877
30411
30428
30528
30545
30571
30270
30710
30719
30720
30721
30722
30740
30755
30756
31001
31071
31072
31079
31084
30660
30668
30673
31003
31031
31042
31054
31090
31772
31781
31789
31791
31796
96912
96704
96710
96718
96719
96720
96721
96725
96726
96727
96728
96737
96738
96739
96740
96743
96745
96749
96750
96755
96760
96764
96771
96772
96773
96774
96775
96776
96777
96778
96780
96781
96783
96785
96701
96706
96707
96709
96712
96717
96730
96731
96734
96744
96759
96762
96782
96786
96789
96791
96792
96795
96797
96801
96802
96803
96804
96805
96806
96807
96808
96809
96810
96811
96812
96813
96814
96815
96816
96817
96818
96819
96820
96821
96822
96823
96824
96825
96826
96827
96828
96830
96835
96836
96837
96838
96839
96840
96841
96842
96843
96844
96845
96846
96847
96848
96849
96850
96853
96854
96857
96858
96859
96860
96861
96862
96863
96898
96703
96705
96714
96715
96716
96722
96741
96746
96747
96751
96752
96754
96756
96765
96766
96769
96796
96708
96713
96729
96732
96733
96742
96748
96753
96757
96761
96763
96767
96768
96770
96779
96784
96788
96790
96793
50002
50837
50846
50849
50858
50839
50841
50857
50859
52140
52146
52151
52160
52162
52170
52172
52544
52549
52555
52571
52572
52574
52575
52581
52593
52594
50025
50042
50076
50110
50117
51543
52206
52208
52209
52229
52249
52257
52313
52315
52318
52332
52345
52346
52349
52351
52354
50613
50614
50623
50626
50634
50643
50651
50667
50701
50702
50703
50704
50706
50707
50799
50031
50036
50037
50040
50152
50156
50212
50223
50622
50631
50647
50666
50668
50674
50676
50677
50607
50629
50641
50644
50648
50650
50671
50682
52210
52326
52329
50510
50565
50568
50576
50585
50588
50592
51002
51033
50602
50604
50605
50608
50611
50619
50625
50636
50649
50660
50665
50670
50538
50551
50552
50561
50563
50575
50579
50586
50587
51449
51453
50058
51401
51430
51436
51440
51443
51444
51451
51452
51455
51459
51463
50020
50022
50274
50843
50853
51535
51544
51552
52216
52255
52306
52337
52358
52721
52747
52772
50401
50402
50428
50433
50457
50464
50467
50469
50477
50479
50482
51005
51012
51014
51029
51035
51037
51049
51061
50603
50630
50645
50658
50659
50661
52154
50174
50213
50275
51047
51301
51333
51338
51340
51341
51343
51357
51366
52042
52043
52044
52047
52048
52049
52052
52055
52066
52072
52076
52077
52156
52157
52158
52159
52037
52226
52254
52343
52701
52727
52729
52730
52731
52732
52733
52734
52736
52742
52750
52751
52757
52771
52774
52777
51432
51439
51441
51442
51448
51454
51460
51461
51465
51467
51520
51528
50003
50038
50039
50063
50066
50069
50070
50109
50146
50167
50220
50233
50261
50263
50276
52537
52538
52552
52560
52584
50065
50067
50103
50108
50140
50144
50262
50264
50654
52035
52036
52038
52041
52050
52057
52223
52237
52330
52601
52623
52637
52638
52650
52655
52660
51331
51347
51351
51355
51360
51363
51364
52001
52002
52003
52004
52032
52033
52039
52040
52045
52046
52053
52056
52065
52068
52073
52078
52079
52099
50514
50531
50578
51334
51344
51365
50606
50655
50662
50664
50681
52130
52135
52141
52142
52147
52164
52166
52169
52171
52175
50435
50458
50468
50471
50616
50620
50653
50041
50227
50420
50427
50431
50441
50452
50475
50633
50640
51639
51640
51645
51648
51649
51650
51652
51653
51654
51655
50050
50059
50064
50107
50129
50217
50235
51462
50609
50621
50624
50638
50642
50657
50669
50673
50680
50026
50029
50048
50115
50128
50164
50216
50250
50277
50034
50075
50130
50132
50231
50246
50249
50271
50595
50423
50430
50432
50438
50439
50447
50449
50484
50006
50043
50102
50122
50126
50206
50230
50258
50259
50269
50601
50627
50672
51529
51545
51546
51550
51555
51556
51557
51563
51564
51579
52630
52641
52642
52644
52645
52647
52649
52652
52654
52659
50466
50628
52134
52136
52155
52163
50519
50520
50529
50541
50545
50548
50558
50570
50577
50582
50591
51006
51020
51025
51431
51445
52203
52204
52220
52236
52251
52301
52307
52308
52316
52325
52334
52347
52357
52361
52030
52031
52054
52060
52064
52069
52070
52071
52074
52075
52207
52309
50028
50054
50127
50135
50137
50153
50168
50170
50208
50228
50232
50251
52533
52556
52557
52567
52580
52635
52235
52240
52241
52242
52243
52244
52245
52246
52317
52319
52322
52333
52338
52340
52755
52205
52212
52230
52252
52305
52310
52312
52320
52321
52323
52331
52362
50104
50136
50255
50268
52231
52248
52250
52335
52355
52550
52562
52563
52568
52576
52585
52591
50451
50480
50483
50511
50517
50522
50539
50556
50559
50560
50590
50598
52619
52624
52625
52627
52631
52632
52639
52648
52656
52657
52658
52202
52213
52214
52218
52219
52227
52228
52233
52253
52302
52314
52324
52328
52336
52341
52344
52350
52352
52401
52402
52403
52404
52405
52406
52407
52408
52409
52410
52411
52497
52498
52499
52640
52646
52653
52737
52738
52752
52754
50049
50068
50151
50238
50272
51230
51235
51237
51240
51241
51242
51243
51246
50033
50072
50155
50218
50222
50240
50257
50273
50027
50143
50207
50253
52534
52543
52561
52577
52586
52595
50044
50057
50062
50116
50119
50138
50163
50197
50198
50214
50219
50221
50225
50252
50256
50005
50051
50078
50106
50120
50141
50142
50148
50158
50162
50234
50239
50247
50637
51533
51534
51540
51541
51551
51554
51561
51571
50426
50454
50455
50460
50461
50472
50476
50481
51010
51034
51040
51051
51059
51060
51063
51523
51558
51572
50150
52531
52569
50847
50864
51532
51566
51573
51591
52720
52739
52749
52759
52760
52761
52766
52769
52776
52778
51009
51046
51058
51201
51231
51245
51248
51346
51232
51249
51330
51345
51349
51350
51354
51601
51602
51603
51630
51631
51632
51636
51637
51638
51647
51651
51656
51693
50515
50527
50528
50536
50562
50580
50597
51342
51358
51001
51008
51017
51024
51028
51031
51038
51045
51050
51057
51062
50540
50546
50553
50554
50571
50573
50574
50581
50593
50007
50009
50015
50021
50023
50032
50035
50073
50111
50131
50169
50226
50237
50243
50265
50266
50301
50302
50303
50304
50305
50306
50307
50308
50309
50310
50311
50312
50313
50314
50315
50316
50317
50318
50319
50320
50321
50322
50323
50324
50325
50327
50328
50329
50330
50331
50332
50333
50334
50335
50336
50338
50339
50340
50347
50350
50359
50360
50361
50362
50363
50364
50367
50368
50369
50380
50381
50391
50392
50393
50394
50395
50396
50397
50398
50936
50940
50947
50950
50980
50981
51501
51502
51503
51510
51521
51525
51526
51536
51542
51548
51549
51553
51559
51560
51570
51575
51576
51577
51593
50112
50157
50171
50172
50177
50242
52211
52221
52222
52232
50030
50074
50133
50835
50844
50845
50852
50854
50860
50863
50535
50567
50583
51053
51433
51450
51458
51466
52722
52725
52726
52728
52745
52746
52748
52753
52756
52758
52765
52767
52768
52773
52800
52801
52802
52803
52804
52805
52806
52807
52808
52809
51437
51446
51447
51527
51530
51531
51537
51562
51565
51574
51578
51003
51011
51022
51023
51027
51036
51041
51234
51238
51239
51244
51247
51250
50010
50011
50012
50013
50014
50046
50055
50056
50105
50124
50134
50154
50161
50201
50236
50244
50248
50278
50173
50612
50632
50635
50652
50675
52215
52217
52224
52225
52339
52342
52348
50833
50836
50840
50848
50851
50862
51646
50149
50254
50801
50830
50831
50842
50850
50861
52535
52542
52551
52565
52570
52573
52588
52620
52626
52651
52501
52530
52536
52548
52553
52554
52566
50001
50047
50061
50118
50125
50139
50145
50160
50166
50210
50211
50229
50241
52201
52247
52327
52353
52356
52359
52540
52621
50008
50052
50060
50123
50147
50165
52583
52590
50501
50516
50518
50521
50523
50524
50530
50532
50543
50544
50557
50566
50569
50594
50424
50436
50450
50453
50465
50473
50478
52101
52131
52132
52133
52143
52144
52149
52150
52161
52165
52168
51004
51007
51015
51016
51018
51019
51026
51030
51039
51044
51048
51052
51054
51055
51056
51101
51102
51103
51104
51105
51106
51107
51108
51109
51110
51111
50434
50440
50444
50446
50448
50456
50459
50071
50101
50421
50470
50525
50526
50533
50542
50599
83616
83634
83642
83669
83680
83701
83702
83703
83704
83705
83706
83707
83708
83709
83711
83712
83713
83714
83714
83715
83716
83717
83719
83720
83721
83722
83723
83724
83725
83726
83727
83728
83729
83730
83731
83732
83733
83735
83744
83756
83757
83788
83799
83612
83620
83632
83643
83654
83201
83202
83204
83205
83206
83209
83214
83234
83245
83246
83250
83281
83220
83223
83233
83238
83239
83254
83260
83261
83272
83287
83824
83830
83851
83861
83866
83870
83203
83210
83215
83218
83221
83236
83256
83262
83274
83277
83313
83320
83333
83340
83348
83353
83354
83602
83622
83629
83631
83637
83646
83666
83804
83809
83811
83813
83821
83822
83825
83836
83840
83841
83848
83852
83856
83860
83862
83864
83865
83888
83401
83402
83403
83404
83405
83406
83415
83427
83428
83437
83449
83454
83805
83826
83845
83847
83853
83213
83231
83244
83255
83322
83327
83337
83605
83606
83607
83626
83630
83641
83644
83651
83652
83653
83656
83660
83676
83686
83687
83217
83230
83241
83276
83285
83311
83312
83318
83323
83342
83346
83423
83446
83520
83541
83544
83546
83553
83827
83226
83227
83235
83251
83278
83326
83601
83623
83627
83633
83647
83648
83228
83232
83237
83263
83283
83286
83420
83421
83429
83433
83436
83438
83445
83447
83451
83617
83636
83657
83670
83314
83330
83332
83355
83522
83525
83526
83530
83531
83533
83538
83539
83542
83547
83549
83552
83554
83671
83425
83431
83434
83435
83442
83443
83444
83450
83325
83335
83338
83801
83803
83810
83814
83815
83816
83833
83835
83842
83854
83858
83869
83876
83877
83535
83537
83806
83823
83832
83834
83843
83844
83855
83857
83871
83872
83229
83253
83462
83463
83464
83465
83466
83467
83468
83469
83523
83536
83543
83548
83555
83324
83349
83352
83440
83441
83448
83460
83336
83343
83347
83350
83501
83524
83540
83545
83551
83243
83252
83280
83604
83624
83628
83639
83650
83619
83655
83661
83211
83212
83271
83802
83808
83812
83837
83839
83846
83849
83850
83867
83868
83873
83874
83422
83424
83452
83455
83301
83302
83303
83316
83321
83328
83334
83341
83344
83611
83615
83635
83638
83677
83610
83645
83672
62301
62305
62306
62320
62324
62325
62328
62338
62339
62346
62347
62348
62349
62351
62359
62360
62365
62376
62913
62914
62929
62957
62962
62969
62988
62990
62993
62019
62086
62246
62262
62273
62275
62284
61008
61011
61012
61038
61065
62353
62375
62378
61312
61314
61315
61317
61320
61322
61323
61328
61329
61330
61337
61338
61344
61345
61346
61349
61356
61359
61361
61362
61368
61374
61376
61379
62006
62013
62036
62045
62047
62053
62065
62070
61014
61045
61046
61051
61053
61074
61078
61285
62611
62612
62618
62622
62627
62691
60949
61801
61802
61803
61815
61816
61820
61821
61822
61824
61825
61826
61840
61843
61845
61847
61849
61851
61852
61853
61859
61862
61863
61864
61866
61868
61871
61872
61873
61874
61875
61877
61878
61880
62083
62510
62517
62531
62540
62546
62547
62555
62556
62557
62567
62568
62570
62420
62423
62441
62442
62474
62477
62434
62824
62839
62847
62858
62879
62899
62215
62216
62218
62219
62230
62231
62245
62250
62252
62253
62265
62266
62283
62293
61912
61920
61931
61938
61943
62440
62469
60004
60005
60006
60007
60008
60009
60016
60017
60018
60019
60022
60025
60026
60029
60038
60043
60053
60055
60056
60062
60065
60067
60068
60070
60074
60076
60077
60078
60082
60090
60091
60093
60094
60095
60103
60104
60107
60130
60131
60141
60153
60154
60155
60159
60160
60161
60162
60163
60164
60165
60168
60169
60171
60173
60176
60179
60192
60193
60194
60195
60196
60201
60202
60203
60204
60208
60209
60251
60290
60301
60302
60303
60304
60305
60398
60402
60406
60409
60411
60412
60415
60419
60422
60425
60426
60429
60430
60438
60443
60445
60452
60453
60454
60455
60456
60457
60458
60459
60461
60462
60463
60464
60465
60466
60467
60469
60471
60472
60473
60475
60476
60477
60478
60480
60482
60483
60499
60501
60513
60525
60526
60527
60534
60546
60558
60601
60602
60603
60604
60605
60606
60607
60608
60609
60610
60611
60612
60613
60614
60615
60616
60617
60618
60619
60620
60621
60622
60623
60624
60625
60626
60627
60628
60629
60630
60631
60632
60633
60634
60635
60636
60637
60638
60639
60640
60641
60642
60643
60644
60645
60646
60647
60648
60649
60651
60652
60653
60654
60655
60656
60657
60658
60659
60660
60661
60663
60664
60665
60666
60667
60668
60669
60670
60671
60672
60673
60674
60675
60677
60678
60680
60681
60682
60683
60684
60685
60686
60687
60688
60689
60690
60691
60693
60694
60695
60696
60697
60699
60701
60706
60707
60712
60714
60799
60803
60804
60805
60827
62413
62427
62433
62449
62451
62454
62464
62478
62428
62435
62436
62447
62468
60111
60112
60115
60129
60135
60145
60146
60150
60178
60520
60548
60550
60552
60556
61727
61735
61749
61750
61777
61778
61842
61882
61910
61911
61913
61919
61930
61941
61942
61953
61956
60101
60105
60106
60108
60114
60116
60117
60125
60126
60128
60132
60133
60137
60138
60139
60143
60148
60157
60158
60172
60181
60184
60185
60186
60187
60188
60189
60190
60191
60197
60198
60199
60351
60353
60399
60439
60504
60514
60515
60516
60517
60519
60521
60522
60523
60527
60532
60540
60555
60559
60561
60563
60565
60566
60567
60570
60572
60598
60599
61917
61924
61932
61933
61940
61944
61949
61955
62476
62806
62815
62818
62833
62401
62411
62414
62424
62426
62443
62445
62461
62467
62473
62011
62080
62247
62418
62458
62471
62838
62857
62880
62885
60919
60933
60936
60946
60952
60957
60959
60962
61773
62805
62812
62819
62822
62825
62836
62840
62856
62865
62874
62884
62890
62891
62896
62897
62983
62999
61415
61427
61431
61432
61433
61441
61459
61477
61482
61484
61501
61519
61520
61524
61531
61542
61543
61544
61553
61563
62867
62871
62934
62954
62979
62984
62016
62027
62044
62050
62054
62078
62081
62082
62092
62098
60407
60416
60424
60437
60444
60447
60450
60474
60479
62817
62828
62829
62859
62860
61450
62310
