34050
34034
99553
99571
99583
99612
99661
99546
99547
99591
99638
99660
99685
99692
99501
99502
99503
99504
99505
99506
99507
99508
99509
99510
99511
99512
99513
99514
99515
99516
99517
99518
99519
99520
99521
99522
99523
99524
99529
99530
99540
99567
99577
99587
99599
99695
99545
99551
99552
99557
99559
99561
99575
99578
99589
99607
99609
99614
99621
99622
99626
99630
99634
99637
99641
99651
99655
99656
99668
99679
99680
99681
99690
99613
99633
99670
99704
99729
99743
99744
99755
99555
99569
99576
99580
99628
99636
99678
99701
99702
99703
99705
99706
99707
99708
99709
99710
99711
99712
99714
99716
99725
99775
99790
99827
99801
99802
99803
99811
99812
99821
99824
99850
99556
99568
99572
99603
99605
99610
99611
99631
99635
99639
99663
99664
99669
99672
99682
99901
99928
99950
99550
99608
99615
99619
99624
99643
99644
99697
99548
99549
99564
99565
99579
99606
99625
99640
99647
99648
99649
99653
99623
99629
99645
99652
99654
99667
99674
99676
99683
99687
99688
99694
99659
99671
99684
99739
99742
99753
99762
99769
99771
99772
99778
99783
99784
99785
99721
99723
99734
99747
99759
99766
99782
99789
99791
99727
99736
99749
99750
99751
99752
99761
99763
99770
99773
99786
99903
99918
99919
99921
99922
99923
99925
99926
99927
99835
99689
99820
99825
99826
99829
99832
99840
99841
99731
99732
99737
99738
99764
99776
99779
99780
99566
99573
99574
99586
99588
99677
99686
99693
99554
99563
99581
99585
99604
99620
99632
99650
99657
99658
99662
99666
99830
99833
99836
99929
99558
99584
99590
99602
99627
99665
99675
99691
99720
99722
99724
99726
99730
99733
99740
99741
99745
99746
99748
99754
99756
99757
99758
99760
99765
99767
99768
99774
99777
99781
99788
36003
36006
36008
36051
36066
36067
36068
36749
36507
36511
36526
36527
36530
36532
36533
36535
36536
36542
36547
36549
36550
36551
36555
36559
36561
36562
36564
36567
36574
36576
36577
36578
36579
36580
36004
36016
36017
36027
36048
36072
35034
35035
35042
35074
35184
35188
36792
36793
35013
35031
35049
35079
35097
35121
35133
36029
36053
36061
36089
36015
36030
36033
36037
36456
36201
36202
36203
36203
36204
36205
36206
36207
36210
36250
36253
36254
36257
36260
36265
36271
36272
36277
36279
36852
36854
36855
36862
36863
35959
35960
35973
35983
36275
35045
35046
35085
35171
36091
36750
36790
36903
36904
36906
36908
36910
36911
36912
36913
36915
36916
36919
36921
36922
36436
36446
36451
36482
36501
36515
36524
36540
36545
36570
36586
36727
36762
36784
35082
36251
36255
36258
36266
36267
36261
36262
36264
36269
36273
36323
36330
36331
36346
36351
36453
35616
35646
35660
35661
35662
35674
36401
36429
36432
36454
36473
36475
35072
35089
35136
35183
36026
36038
36420
36442
36455
36467
36474
36476
36483
36009
36028
36034
36041
36042
36049
36062
36071
35019
35033
35053
35055
35056
35057
35058
35070
35077
35083
35087
35098
35179
36311
36317
36322
36350
36352
36360
36361
36362
36371
36374
36701
36702
36703
36758
36759
36761
36767
36771
36773
36775
36785
35961
35962
35963
35967
35968
35971
35974
35975
35978
35981
35984
35986
35988
35989
36020
36022
36024
36025
36045
36054
36078
36080
36092
36093
36426
36427
36441
36502
36503
36504
36543
35901
35902
35903
35904
35905
35906
35907
35952
35954
35972
35990
35999
35542
35545
35546
35555
35559
35571
35581
35582
35585
35593
35653
35654
36136
36313
36314
36316
36318
36340
36344
36349
36375
36477
35443
35448
35462
35469
35491
36740
35441
35474
36742
36744
36765
36776
36310
36345
36353
36373
36301
36302
36303
36304
36305
36312
36319
36320
36321
36343
36370
36376
35740
35744
35745
35746
35751
35752
35755
35764
35765
35766
35768
35769
35771
35772
35774
35776
35958
35966
35979
35005
35006
35015
35020
35021
35022
35023
35036
35041
35048
35060
35061
35064
35068
35071
35073
35091
35094
35111
35116
35117
35118
35119
35123
35126
35127
35139
35142
35172
35173
35180
35181
35201
35202
35203
35204
35205
35206
35207
35208
35209
35210
35211
35212
35213
35214
35215
35216
35217
35218
35219
35220
35221
35222
35223
35224
35225
35226
35228
35229
35230
35231
35232
35233
35234
35235
35236
35237
35238
35240
35243
35244
35245
35246
35249
35253
35254
35255
35259
35260
35261
35263
35266
35275
35277
35278
35279
35280
35281
35282
35283
35285
35286
35287
35288
35289
35290
35291
35292
35293
35294
35295
35296
35297
35298
35299
35544
35552
35574
35576
35586
35592
35610
35617
35630
35631
35632
35633
35634
35645
35648
35652
35677
35618
35643
35650
35651
35672
36801
36802
36803
36804
36830
36831
36832
36849
36865
36872
36874
36877
36879
35611
35612
35613
35614
35615
35620
35647
35649
35671
35739
35742
36032
36040
36047
36419
36752
36031
36039
36075
36083
36087
36088
36866
35741
35748
35749
35750
35756
35757
35758
35759
35760
35761
35762
35763
35767
35773
35801
35802
35803
35804
35805
35806
35807
35808
35809
35810
35811
35812
35813
35814
35815
35816
35824
35893
35894
35895
35896
35897
35898
35899
36731
36732
36736
36738
36745
36748
36754
36763
36764
36782
36783
35543
35548
35563
35564
35570
35594
35016
35175
35747
35950
35951
35956
35957
35964
35976
35980
36421
36505
36509
36512
36521
36522
36523
36525
36528
36541
36544
36560
36568
36571
36572
36575
36582
36587
36590
36601
36602
36603
36604
36605
36606
36607
36608
36609
36610
36611
36612
36613
36614
36615
36616
36617
36618
36619
36621
36622
36623
36624
36625
36626
36628
36630
36631
36633
36640
36641
36644
36652
36660
36663
36670
36671
36675
36685
36688
36689
36690
36691
36693
36695
36425
36431
36439
36444
36445
36449
36457
36458
36460
36461
36462
36469
36470
36471
36480
36481
36013
36036
36043
36046
36052
36057
36064
36065
36069
36101
36102
36103
36104
36105
36106
36107
36108
36109
36110
36111
36112
36113
36114
36115
36116
36117
36118
36119
36120
36121
36123
36124
36125
36130
36131
36132
36133
36134
36135
36140
36141
36142
36177
36191
36192
36193
36194
36195
36196
36197
36198
36199
35601
35602
35603
35609
35619
35621
35622
35640
35670
35673
35699
35754
35775
36756
36779
36786
35442
35447
35461
35466
35471
35481
36005
36010
36035
36079
36081
36082
36263
36270
36274
36276
36278
36280
36851
36856
36858
36859
36860
36867
36868
36869
36870
36871
36875
35004
35052
35054
35112
35120
35125
35128
35131
35135
35146
35182
35953
35987
35007
35040
35043
35051
35078
35080
35114
35115
35124
35137
35143
35144
35147
35176
35178
35185
35186
35187
35242
35459
35460
35464
35470
35477
36901
36907
36925
35014
35032
35044
35096
35149
35150
35151
35160
35161
36268
35010
35011
36023
36256
36850
36853
36861
35401
35402
35403
35404
35405
35406
35407
35440
35444
35446
35449
35452
35453
35456
35457
35458
35463
35468
35473
35475
35476
35478
35480
35482
35485
35486
35487
35490
35038
35062
35063
35130
35148
35501
35502
35503
35504
35549
35550
35554
35560
35573
35578
35579
35580
35584
35587
36510
36513
36518
36529
36538
36539
36548
36553
36556
36558
36569
36581
36583
36584
36585
36435
36720
36721
36722
36723
36726
36728
36741
36747
36751
36753
36760
36766
36768
36769
36778
35256
35540
35541
35551
35553
35565
35572
35575
35577
96373
96536
96337
96507
96644
96208
72003
72026
72038
72042
72048
72055
72073
72140
72160
72166
71635
71642
71646
71658
71661
71663
71676
72537
72544
72617
72623
72626
72635
72642
72651
72653
72654
72658
72659
72711
72712
72714
72715
72716
72718
72719
72722
72732
72733
72734
72736
72739
72745
72747
72751
72756
72757
72758
72761
72767
72768
72260
72601
72602
72611
72615
72630
72633
72644
72662
72682
71631
71647
71651
71671
71744
71745
71766
71767
72613
72616
72631
72632
72638
72660
71638
71640
71649
71653
71721
71728
71743
71772
71920
71921
71923
71962
71998
71999
72422
72424
72430
72435
72441
72453
72454
72456
72461
72464
72470
72044
72067
72130
72131
72179
72523
72530
72543
72545
72546
72581
71652
71660
71665
71740
71752
71753
71754
71769
71770
71861
72027
72030
72063
72080
72107
72110
72127
72156
72157
72401
72402
72403
72404
72411
72414
72416
72417
72419
72421
72427
72437
72447
72467
72921
72932
72934
72935
72946
72947
72948
72952
72955
72956
72957
72301
72303
72323
72325
72327
72331
72332
72339
72364
72376
72384
72314
72324
72347
72373
72385
72387
72396
72397
71725
71742
71748
71763
71630
71634
71639
71654
71662
71666
71670
71674
72379
71650
71655
71656
71657
71675
71677
72032
72033
72034
72035
72039
72047
72058
72061
72106
72111
72173
72181
72820
72821
72928
72930
72933
72949
72515
72520
72531
72538
72539
72554
72557
72576
72578
72583
71901
71902
71903
71909
71910
71913
71914
71931
71949
71951
71956
71964
71968
72087
72057
72084
72128
72129
72150
72412
72425
72436
72439
72443
72450
72451
72474
71801
71802
71825
71831
71838
71847
71855
71862
71929
71933
71941
71942
72019
72104
72105
71833
71851
71852
71859
71971
72165
72501
72503
72522
72524
72526
72527
72534
72550
72553
72562
72564
72568
72571
72575
72579
72512
72516
72517
72519
72528
72536
72540
72556
72561
72565
72566
72573
72584
72585
72587
72005
72009
72014
72043
72075
72112
72169
72431
72471
72473
71601
71602
71603
71611
71612
71613
71659
72004
72079
72132
72133
72152
72168
72175
72182
72830
72832
72839
72840
72844
72845
72846
72852
72854
71826
71827
71839
71845
71860
72410
72415
72433
72434
72440
72445
72457
72458
72459
72465
72466
72469
72476
72572
72311
72320
72341
72352
72360
72368
71643
71644
71667
71678
71820
71822
71836
71853
71865
71866
72826
72835
72851
72855
72863
72865
72927
72943
72951
72007
72023
72024
72037
72046
72072
72083
72086
72176
72721
72738
72740
72742
72752
72760
72773
72776
72618
72619
72634
72661
72668
72672
72677
72687
71834
71837
71840
71854
72310
72313
72315
72316
72317
72319
72321
72329
72330
72338
72350
72351
72358
72370
72381
72391
72395
72426
72428
72438
72442
72021
72029
72069
72108
72134
71935
71957
71960
71961
71965
71966
71969
71970
71722
71828
71835
71844
71857
71858
71864
72612
72624
72628
72640
72641
72648
72655
72666
72670
72683
72685
71701
71711
71720
71726
71751
71764
72001
72016
72025
72070
72125
72126
72312
72328
72333
72342
72353
72355
72366
72367
72369
72374
72383
72389
72390
71922
71940
71943
71950
71952
71958
71959
72354
72365
72377
72386
72429
72432
72472
72475
72479
71932
71937
71944
71945
71946
71953
71972
71973
72679
72801
72802
72811
72812
72822
72823
72837
72843
72847
72856
72858
72017
72040
72041
72064
72066
72170
72002
72053
72065
72076
72078
72099
72103
72113
72114
72115
72116
72117
72118
72119
72120
72124
72135
72142
72164
72180
72183
72190
72198
72199
72201
72202
72203
72204
72205
72206
72207
72208
72209
72210
72211
72212
72214
72215
72216
72217
72219
72221
72222
72223
72224
72225
72227
72231
72295
72297
72413
72444
72449
72455
72460
72462
72478
72322
72326
72335
72336
72340
72346
72348
72359
72372
72378
72392
72394
72011
72015
72018
72022
72089
72122
72158
72167
72841
72924
72926
72944
72950
72958
72636
72639
72645
72650
72669
72675
72686
72901
72902
72903
72904
72905
72906
72908
72913
72914
72916
72917
72918
72919
72923
72936
72937
72938
72940
72941
72945
71823
71832
71841
71842
71846
72482
72513
72521
72525
72529
72532
72542
72569
72577
72051
72533
72555
72560
72567
72610
72657
72663
72680
71724
71730
71731
71747
71749
71750
71758
71759
71762
71765
71768
72013
72028
72031
72088
72141
72153
72629
72701
72702
72703
72704
72717
72727
72728
72729
72730
72735
72737
72741
72744
72749
72753
72762
72764
72765
72766
72769
72770
72774
72775
72959
72010
72012
72020
72045
72052
72060
72068
72081
72082
72085
72102
72121
72136
72137
72139
72143
72145
72149
72159
72178
72006
72036
72059
72071
72074
72101
72123
72189
72824
72827
72828
72829
72833
72834
72838
72842
72853
72857
72860
72867
85920
85924
85925
85927
85930
85932
85936
85938
85940
86028
86502
86503
86504
86505
86506
86507
86508
86509
86511
86512
86514
86515
86535
86538
86540
86544
86545
86547
86549
86556
85602
85603
85605
85606
85607
85608
85609
85610
85613
85615
85616
85617
85620
85625
85626
85627
85630
85632
85635
85636
85638
85643
85644
85650
85655
85670
85671
85931
86001
86002
86003
86004
86005
86011
86015
86016
86017
86018
86020
86022
86023
86024
86035
86036
86038
86040
86044
86045
86046
86052
86053
86336
86339
86351
86435
85135
85192
85235
85501
85502
85532
85539
85541
85542
85544
85545
85547
85550
85553
85554
85530
85531
85535
85536
85543
85546
85548
85551
85552
85533
85534
85540
85922
85325
85328
85334
85344
85346
85348
85357
85359
85371
85001
85002
85003
85004
85005
85006
85007
85008
85009
85010
85011
85012
85013
85014
85015
85016
85017
85018
85019
85020
85021
85022
85023
85024
85025
85026
85027
85028
85029
85030
85031
85032
85033
85034
85035
85036
85037
85038
85039
85040
85041
85042
85043
85044
85045
85046
85048
85050
85051
85053
85054
85055
85060
85061
85062
85063
85064
85065
85066
85067
85068
85069
85070
85071
85072
85073
85074
85075
85076
85077
85078
85079
85080
85082
85083
85085
85086
85086
85087
85097
85098
85099
85142
85201
85202
85203
85204
85205
85206
85207
85208
85209
85210
85211
85212
85213
85214
85215
85216
85224
85225
85226
85227
85233
85234
85236
85244
85246
85248
85249
85250
85251
85252
85253
85254
85255
85256
85257
85258
85259
85260
85261
85262
85263
85264
85266
85267
85268
85269
85271
85274
85275
85277
85280
85281
85282
85283
85284
85285
85286
85287
85289
85290
85295
85296
85297
85298
85299
85301
85302
85303
85304
85305
85306
85307
85308
85309
85310
85311
85312
85313
85318
85320
85322
85323
85326
85327
85329
85331
85335
85337
85338
85339
85340
85342
85343
85345
85351
85353
85354
85355
85358
85361
85363
85372
85373
85374
85375
85376
85377
85378
85379
85380
85381
85382
85383
85385
85387
85388
85390
85392
85395
85396
85360
86021
86401
86402
86403
86404
86405
86406
86409
86411
86412
86413
86426
86427
86429
86430
86431
86432
86433
86434
86436
86437
86438
86439
86440
86441
86442
86443
86444
86445
86446
85901
85902
85911
85912
85923
85926
85928
85929
85933
85934
85935
85937
85939
85941
85942
86025
86029
86030
86031
86032
86033
86034
86039
86042
86043
86047
86054
86510
86520
85321
85341
85601
85614
85619
85622
85629
85633
85634
85639
85641
85652
85653
85654
85701
85702
85703
85704
85705
85706
85707
85708
85709
85710
85711
85712
85713
85714
85715
85716
85717
85718
85719
85720
85721
85722
85723
85724
85725
85726
85728
85730
85731
85732
85733
85734
85735
85736
85737
85738
85739
85740
85741
85742
85743
85744
85745
85746
85747
85748
85749
85750
85751
85752
85754
85755
85756
85757
85775
85777
85118
85119
85120
85121
85122
85123
85128
85130
85131
85132
85137
85138
85139
85140
85141
85143
85145
85147
85172
85173
85179
85193
85194
85217
85218
85219
85220
85221
85241
85247
85278
85291
85618
85623
85631
85658
85611
85621
85624
85628
85637
85640
85645
85646
85648
85662
85324
85332
85362
86301
86302
86303
86304
86305
86312
86313
86314
86315
86320
86321
86322
86323
86324
86325
86326
86327
86329
86330
86331
86332
86333
86334
86335
86337
86338
86340
86341
86342
86343
85333
85336
85347
85349
85350
85352
85356
85364
85365
85366
85367
85369
94501
94502
94536
94537
94538
94539
94540
94541
94542
94543
94544
94545
94546
94550
94551
94552
94555
94557
94560
94566
94568
94577
94578
94579
94580
94586
94587
94588
94601
94602
94603
94604
94605
94606
94607
94608
94609
94610
94611
94612
94613
94614
94615
94616
94617
94618
94619
94620
94621
94622
94623
94624
94625
94626
94627
94643
94649
94650
94659
94660
94661
94662
94666
94701
94702
94703
94704
94705
94706
94707
94708
94709
94710
94712
94720
95646
96120
95601
95629
95640
95642
95644
95654
95665
95666
95669
95675
95685
95689
95699
95914
95916
95917
95926
95927
95928
95929
95930
95938
95940
95941
95942
95948
95954
95958
95965
95966
95967
95968
95969
95973
95974
95976
95978
95221
95222
95223
95224
95225
95226
95228
95229
95232
95233
95245
95246
95247
95248
95249
95250
95251
95252
95254
95255
95257
95912
95931
95932
95950
95955
95970
95979
95987
94505
94506
94507
94509
94511
94513
94514
94516
94517
94518
94519
94520
94521
94522
94523
94524
94525
94526
94527
94528
94529
94530
94531
94547
94548
94549
94553
94556
94561
94563
94564
94565
94569
94570
94572
94575
94582
94583
94595
94596
94597
94598
94801
94802
94803
94804
94805
94806
94807
94808
94820
94850
94875
95531
95532
95538
95543
95548
95567
95613
95614
95619
95623
95633
95634
95635
95636
95643
95651
95656
95664
95667
95672
95682
95684
95709
95720
95721
95726
95735
95762
96142
96150
96151
96152
96153
96154
96155
96156
96157
96158
92631
93210
93234
93242
93602
93605
93606
93607
93608
93609
93611
93612
93613
93616
93621
93622
93624
93625
93626
93627
93628
93629
93630
93631
93634
93640
93641
93642
93646
93648
93649
93650
93651
93652
93654
93656
93657
93660
93662
93664
93667
93668
93675
93701
93702
93703
93704
93705
93706
93707
93708
93709
93710
93711
93712
93714
93715
93716
93717
93718
93720
93721
93722
93723
93724
93725
93726
93727
93728
93729
93730
93740
93741
93744
93745
93747
93750
93755
93759
93760
93761
93762
93764
93765
93771
93772
93773
93774
93775
93776
93777
93778
93779
93780
93782
93784
93786
93790
93791
93792
93793
93794
93844
93888
95913
95920
95939
95943
95951
95963
95988
95501
95502
95503
95511
95514
95518
95519
95521
95524
95525
95526
95528
95534
95536
95537
95540
95542
95545
95546
95547
95549
95550
95551
95553
95554
95555
95556
95558
95559
95560
95562
95564
95565
95569
95570
95571
95573
95589
92222
92227
92231
92232
92233
92243
92244
92249
92250
92251
92257
92259
92266
92273
92275
92281
92283
92331
92328
92384
92389
93513
93514
93515
93522
93526
93530
93542
93545
93549
93203
93205
93206
93215
93216
93220
93222
93224
93225
93226
93238
93240
93241
93243
93249
93250
93251
93252
93255
93263
93268
93276
93280
93283
93285
93287
93301
93302
93303
93304
93305
93306
93307
93308
93309
93311
93312
93313
93314
93380
93381
93382
93383
93384
93385
93386
93387
93388
93389
93390
93399
93501
93502
